0.000010 0.010923 0.989057 0.000010
0.000010 0.001217 0.998763 0.000010
0.009097 0.000010 0.990883 0.000010
0.000010 0.000010 0.999970 0.000010
0.000010 0.004446 0.995534 0.000010
0.004564 0.000010 0.995416 0.000010
0.000010 0.000010 0.999970 0.000010
0.000010 0.000010 0.911113 0.088867
0.000010 0.002640 0.997340 0.000010
0.004395 0.000010 0.995585 0.000010
0.000010 0.002277 0.997703 0.000010
0.000010 0.000010 0.933155 0.066825
0.000010 0.002976 0.997004 0.000010
0.000010 0.004765 0.995215 0.000010
0.000010 0.012857 0.987123 0.000010
0.003691 0.000010 0.944308 0.051991
0.002370 0.005072 0.992548 0.000010
0.003233 0.000010 0.996747 0.000010
0.000010 0.000916 0.999064 0.000010
0.003284 0.000010 0.936038 0.060668
0.000010 0.000010 0.999970 0.000010
0.000010 0.004477 0.920954 0.074559
0.004549 0.000010 0.995431 0.000010
0.009396 0.000010 0.990584 0.000010
0.002737 0.000010 0.997243 0.000010
0.002538 0.000010 0.917026 0.080426
0.000010 0.000010 0.999970 0.000010
0.000010 0.004422 0.995558 0.000010
0.002342 0.000010 0.997638 0.000010
0.000010 0.009818 0.990162 0.000010
0.000010 0.000010 0.967150 0.032830
0.000010 0.008746 0.959726 0.031518
0.004856 0.000010 0.966114 0.029020
0.000010 0.000010 0.923718 0.076262
0.000010 0.000010 0.999970 0.000010
0.003487 0.001904 0.994598 0.000010
0.000010 0.000010 0.999970 0.000010
0.000015 0.000010 0.928883 0.071092
0.001292 0.000010 0.943093 0.055605
0.000010 0.000010 0.999970 0.000010
0.000010 0.002344 0.997636 0.000010
0.000010 0.006243 0.993737 0.000010
0.000010 0.005553 0.994427 0.000010
0.006581 0.000010 0.959579 0.033830
0.003257 0.000010 0.996723 0.000010
0.000020 0.000010 0.906478 0.093492
0.000010 0.004500 0.887446 0.108044
0.000010 0.000010 0.999970 0.000010
0.001334 0.000010 0.998646 0.000010
0.000010 0.003703 0.911901 0.084386
0.001368 0.000010 0.998612 0.000010
0.000010 0.000010 0.999970 0.000010
0.000010 0.000010 0.999970 0.000010
0.000010 0.000010 0.999970 0.000010
0.000010 0.000010 0.943524 0.056456
0.000013 0.000010 0.926303 0.073675
0.000010 0.000010 0.999970 0.000010
0.000010 0.000010 0.999970 0.000010
0.000010 0.000010 0.999970 0.000010
0.000010 0.000010 0.999970 0.000010
0.000010 0.000010 0.943759 0.056221
0.000010 0.000010 0.999970 0.000010
0.000010 0.000010 0.941775 0.058205
0.000010 0.000010 0.937698 0.062282
0.001014 0.000010 0.998966 0.000010
0.000010 0.000010 0.999970 0.000010
0.006865 0.000010 0.993115 0.000010
0.001683 0.000010 0.998297 0.000010
0.000010 0.000010 0.999970 0.000010
0.000010 0.007452 0.992528 0.000010
0.000139 0.000010 0.999841 0.000010
0.000010 0.000010 0.999970 0.000010
0.000010 0.000010 0.943243 0.056737
0.000018 0.002424 0.997548 0.000010
0.000010 0.000010 0.999970 0.000010
0.000010 0.003356 0.911135 0.085499
0.001397 0.000010 0.998583 0.000010
0.000010 0.000010 0.999970 0.000010
0.000010 0.000010 0.999970 0.000010
0.000010 0.000010 0.954198 0.045782
0.000010 0.000010 0.999970 0.000010
0.000010 0.010965 0.989015 0.000010
0.000010 0.000010 0.947154 0.052826
0.000010 0.000010 0.923940 0.076040
0.008541 0.000010 0.917344 0.074105
0.003565 0.000010 0.996415 0.000010
0.001662 0.000010 0.998318 0.000010
0.000010 0.000010 0.939920 0.060060
0.000010 0.002214 0.898478 0.099297
0.000010 0.008406 0.940187 0.051396
0.000010 0.000010 0.917054 0.082926
0.000010 0.000010 0.935931 0.064049
0.000010 0.000010 0.923171 0.076809
0.006924 0.000010 0.993056 0.000010
0.000010 0.006589 0.930644 0.062757
0.000010 0.002455 0.920461 0.077074
0.010568 0.000010 0.989412 0.000010
0.006692 0.000010 0.945631 0.047667
0.000010 0.000010 0.999970 0.000010
0.000010 0.002337 0.938756 0.058897
0.000010 0.004194 0.939702 0.056094
0.003063 0.000010 0.946552 0.050376
0.004598 0.000010 0.961604 0.033787
0.003828 0.000010 0.908419 0.087743
0.000010 0.000010 0.000010 0.999970
0.000019 0.000010 0.938270 0.061701
0.000010 0.000010 0.999970 0.000010
0.000010 0.000010 0.999970 0.000010
0.000010 0.000010 0.893391 0.106589
0.013223 0.000110 0.899658 0.087009
0.004006 0.000010 0.920230 0.075753
0.000010 0.000010 0.000010 0.999970
0.000010 0.000010 0.942531 0.057449
0.000010 0.003913 0.996067 0.000010
0.002810 0.000010 0.997170 0.000010
0.000010 0.000010 0.999970 0.000010
0.000010 0.000010 0.000010 0.999970
0.000010 0.004422 0.995558 0.000010
0.000010 0.000010 0.999970 0.000010
0.000010 0.000010 0.907403 0.092577
0.002600 0.000010 0.940721 0.056669
0.009256 0.000010 0.990724 0.000010
0.007459 0.000010 0.992521 0.000010
0.000010 0.001694 0.998286 0.000010
0.002892 0.000010 0.922559 0.074539
0.000010 0.004680 0.915659 0.079651
0.000010 0.000010 0.930405 0.069575
0.000010 0.000010 0.919660 0.080320
0.002589 0.000010 0.939006 0.058395
0.000010 0.000010 0.921621 0.078359
0.000010 0.003582 0.996398 0.000010
0.000010 0.000010 0.929211 0.070769
0.000010 0.005083 0.994897 0.000010
0.000010 0.000010 0.999970 0.000010
0.000010 0.000010 0.999970 0.000010
0.000010 0.000010 0.931832 0.068148
0.000010 0.000010 0.999970 0.000010
0.000010 0.000010 0.999970 0.000010
0.000010 0.000010 0.934316 0.065664
0.000010 0.004019 0.995961 0.000010
0.000010 0.002462 0.927619 0.069909
0.000010 0.004990 0.994990 0.000010
0.000010 0.002831 0.997149 0.000010
0.000010 0.000010 0.999970 0.000010
0.000010 0.002481 0.997499 0.000010
0.000010 0.006004 0.961095 0.032891
0.000010 0.003103 0.996877 0.000010
0.000010 0.000010 0.934718 0.065262
0.000010 0.000010 0.910530 0.089450
0.001890 0.000010 0.946875 0.051225
0.002335 0.000010 0.997645 0.000010
0.000010 0.002042 0.997938 0.000010
0.000010 0.000010 0.999970 0.000010
0.001389 0.000010 0.998591 0.000010
0.000010 0.001992 0.943002 0.054997
0.000010 0.000010 0.999970 0.000010
0.003452 0.000010 0.966700 0.029837
0.000605 0.000010 0.999375 0.000010
0.004539 0.000010 0.929516 0.065936
0.000010 0.003692 0.918477 0.077821
0.000010 0.001893 0.927132 0.070966
0.000010 0.000010 0.999970 0.000010
0.000010 0.001628 0.920114 0.078248
0.000010 0.000010 0.999970 0.000010
0.001589 0.000010 0.998391 0.000010
0.000010 0.000010 0.999970 0.000010
0.000010 0.001460 0.998520 0.000010
0.000010 0.000010 0.936225 0.063755
0.000010 0.000010 0.999970 0.000010
0.000010 0.004744 0.995236 0.000010
0.004280 0.000010 0.936277 0.059433
0.000010 0.000010 0.921032 0.078948
0.000010 0.008354 0.991626 0.000010
0.002532 0.000010 0.927059 0.070399
0.000010 0.000010 0.999970 0.000010
0.000010 0.000010 0.999970 0.000010
0.000010 0.000010 0.905798 0.094182
0.000010 0.008752 0.991228 0.000010
0.000010 0.002184 0.997796 0.000010
0.000010 0.002533 0.923308 0.074149
0.000010 0.000010 0.933461 0.066519
0.000010 0.000010 0.946205 0.053775
0.000126 0.000010 0.935849 0.064016
0.000010 0.000010 0.999970 0.000010
0.000010 0.000010 0.999970 0.000010
0.002373 0.000010 0.997607 0.000010
0.000010 0.167072 0.435979 0.396939
0.000010 0.000010 0.904782 0.095198
0.000010 0.000010 0.999970 0.000010
0.001593 0.000010 0.943340 0.055057
0.000010 0.000010 0.939829 0.060151
0.000010 0.000767 0.999213 0.000010
0.000010 0.002026 0.936694 0.061270
0.000010 0.000010 0.999970 0.000010
0.000099 0.000010 0.905573 0.094318
0.002458 0.000010 0.935692 0.061840
0.000010 0.003938 0.996042 0.000010
0.000010 0.000010 0.963573 0.036407
0.000010 0.000010 0.999970 0.000010
0.000010 0.000010 0.935890 0.064090
0.000010 0.000010 0.930956 0.069024
0.000010 0.000010 0.999970 0.000010
0.001604 0.000010 0.998376 0.000010
0.001791 0.000010 0.998189 0.000010
0.000010 0.002099 0.997881 0.000010
0.000010 0.000010 0.927350 0.072630
0.004117 0.000010 0.956632 0.039241
0.000011 0.000010 0.924691 0.075288
0.000010 0.000010 0.937818 0.062162
0.000010 0.000010 0.999970 0.000010
0.001257 0.000010 0.998723 0.000010
0.000010 0.000010 0.923709 0.076271
0.000010 0.001971 0.911962 0.086058
0.000010 0.000010 0.999970 0.000010
0.000010 0.000010 0.999970 0.000010
0.002192 0.000010 0.929840 0.067959
0.000010 0.004600 0.995380 0.000010
0.000010 0.000010 0.999970 0.000010
0.002001 0.000010 0.927065 0.070925
0.000010 0.000010 0.911153 0.088827
0.001731 0.000010 0.998249 0.000010
0.001785 0.000010 0.998195 0.000010
0.000010 0.000010 0.999970 0.000010
0.000010 0.003800 0.996180 0.000010
0.000010 0.000010 0.999970 0.000010
0.000010 0.000010 0.936704 0.063276
0.000010 0.002670 0.939467 0.057854
0.001740 0.000010 0.998240 0.000010
0.003241 0.000010 0.926734 0.070015
0.000010 0.000010 0.935492 0.064488
0.003776 0.000010 0.996204 0.000010
0.000010 0.000010 0.938793 0.061187
0.000010 0.000010 0.930749 0.069231
0.000010 0.000010 0.942586 0.057394
0.001392 0.000010 0.998588 0.000010
0.000010 0.000010 0.999970 0.000010
0.000010 0.000010 0.999970 0.000010
0.000010 0.012049 0.843073 0.144868
0.000010 0.000010 0.999970 0.000010
0.000010 0.000010 0.999970 0.000010
0.000014 0.000010 0.920119 0.079857
0.000010 0.001356 0.931365 0.067268
0.000010 0.002350 0.997630 0.000010
0.000010 0.000010 0.999970 0.000010
0.000010 0.000010 0.999970 0.000010
0.001603 0.000010 0.947961 0.050426
0.000010 0.000010 0.999970 0.000010
0.000010 0.000010 0.999970 0.000010
0.000010 0.000010 0.999970 0.000010
0.000010 0.000010 0.924285 0.075695
0.000010 0.000010 0.936907 0.063073
0.000010 0.001471 0.998509 0.000010
0.000010 0.003679 0.996301 0.000010
0.000010 0.000010 0.999970 0.000010
0.002980 0.000010 0.997000 0.000010
0.000010 0.000010 0.968797 0.031183
0.000010 0.000010 0.000010 0.999970
0.000010 0.000010 0.924293 0.075687
0.000010 0.002798 0.942316 0.054876
0.002037 0.000010 0.997943 0.000010
0.000010 0.000010 0.999970 0.000010
0.000010 0.008991 0.924831 0.066168
0.000010 0.000010 0.920197 0.079783
0.001743 0.000010 0.998237 0.000010
0.000010 0.007744 0.992236 0.000010
0.005345 0.000010 0.994635 0.000010
0.000010 0.000010 0.929445 0.070535
0.001185 0.000010 0.998795 0.000010
0.000882 0.000010 0.929938 0.069170
0.000010 0.000010 0.999970 0.000010
0.000010 0.000010 0.999970 0.000010
0.000010 0.000010 0.000010 0.999970
0.000010 0.000010 0.934962 0.065018
0.000010 0.000010 0.999970 0.000010
0.005398 0.000010 0.916155 0.078438
0.000010 0.000010 0.999970 0.000010
0.000010 0.000010 0.000010 0.999970
0.000756 0.000010 0.999224 0.000010
0.000010 0.000010 0.999970 0.000010
0.000010 0.000010 0.999970 0.000010
0.000010 0.000010 0.000010 0.999970
0.000010 0.000010 0.999970 0.000010
0.000010 0.000010 0.923270 0.076710
0.001589 0.000010 0.998391 0.000010
0.000010 0.000010 0.999970 0.000010
0.000010 0.000010 0.944421 0.055559
0.002160 0.000010 0.997820 0.000010
0.000010 0.000010 0.000010 0.999970
0.002415 0.000010 0.997565 0.000010
0.004091 0.000010 0.995889 0.000010
0.000010 0.004269 0.995711 0.000010
0.000010 0.003973 0.917296 0.078721
0.000010 0.000010 0.999970 0.000010
0.000010 0.002434 0.997546 0.000010
0.000010 0.000010 0.939632 0.060348
0.000010 0.000010 0.932309 0.067671
0.000010 0.000010 0.000010 0.999970
0.000010 0.000010 0.000010 0.999970
0.000010 0.000010 0.000010 0.999970
0.000010 0.000010 0.906295 0.093685
0.000010 0.000010 0.999970 0.000010
0.001621 0.000010 0.998359 0.000010
0.000010 0.000010 0.999970 0.000010
0.005629 0.000010 0.994351 0.000010
0.002417 0.000010 0.997563 0.000010
0.000010 0.000010 0.999970 0.000010
0.000010 0.005055 0.994925 0.000010
0.000010 0.000010 0.948241 0.051739
0.000010 0.000010 0.999970 0.000010
0.000010 0.000010 0.999970 0.000010
0.000010 0.000010 0.918408 0.081572
0.000794 0.000010 0.999186 0.000010
0.004023 0.000010 0.995957 0.000010
0.000010 0.000010 0.968461 0.031519
0.001112 0.000010 0.935539 0.063339
0.000010 0.005669 0.994311 0.000010
0.000010 0.000010 0.935761 0.064219
0.000010 0.000010 0.999970 0.000010
0.000010 0.000010 0.946300 0.053680
0.000010 0.000010 0.999970 0.000010
0.000010 0.000010 0.942134 0.057846
0.000010 0.000010 0.999970 0.000010
0.007676 0.000010 0.992304 0.000010
0.001332 0.000010 0.936111 0.062546
0.000543 0.000010 0.940324 0.059124
0.000052 0.000010 0.999928 0.000010
0.000010 0.000010 0.999970 0.000010
0.001351 0.000010 0.998629 0.000010
0.005386 0.000010 0.994594 0.000010
0.000010 0.002314 0.997666 0.000010
0.000010 0.000010 0.999970 0.000010
0.000010 0.003927 0.996053 0.000010
0.000010 0.000010 0.999970 0.000010
0.000010 0.000010 0.980545 0.019435
0.002053 0.000010 0.997927 0.000010
0.000010 0.000010 0.999970 0.000010
0.000010 0.002995 0.996985 0.000010
0.000929 0.000010 0.999051 0.000010
0.000010 0.000010 0.935794 0.064186
0.004770 0.000010 0.935318 0.059903
0.002177 0.000010 0.997803 0.000010
0.000010 0.000010 0.922704 0.077276
0.000010 0.000010 0.927941 0.072039
0.000010 0.000010 0.999970 0.000010
0.000010 0.000010 0.933809 0.066171
0.000010 0.000010 0.934025 0.065955
0.000010 0.000010 0.999970 0.000010
0.000010 0.009361 0.990619 0.000010
0.000010 0.000010 0.867127 0.132853
0.000010 0.000010 0.999970 0.000010
0.000018 0.000010 0.947272 0.052700
0.000010 0.000010 0.999970 0.000010
0.000010 0.000137 0.944149 0.055704
0.001688 0.000010 0.998292 0.000010
0.004619 0.000010 0.995361 0.000010
0.000010 0.000010 0.936858 0.063122
0.001500 0.000010 0.998480 0.000010
0.000010 0.000010 0.999970 0.000010
0.000010 0.002422 0.997558 0.000010
0.000010 0.000010 0.999970 0.000010
0.004023 0.000010 0.995957 0.000010
0.000010 0.000010 0.927769 0.072211
0.000632 0.000010 0.920144 0.079214
0.000010 0.000010 0.940915 0.059065
0.000010 0.000010 0.939357 0.060623
0.000010 0.000010 0.999970 0.000010
0.000010 0.000010 0.999970 0.000010
0.000010 0.000010 0.999970 0.000010
0.000010 0.000010 0.936810 0.063170
0.003215 0.000010 0.996765 0.000010
0.000011 0.000010 0.930255 0.069724
0.000010 0.000010 0.965872 0.034108
0.000010 0.000010 0.919141 0.080839
0.000010 0.000995 0.998985 0.000010
0.002049 0.000010 0.960194 0.037747
0.000010 0.000010 0.999970 0.000010
0.003447 0.000010 0.918376 0.078167
0.000010 0.000010 0.999970 0.000010
0.000010 0.000010 0.922790 0.077190
0.000010 0.000010 0.943734 0.056246
0.000010 0.000010 0.999970 0.000010
0.000010 0.000010 0.933546 0.066434
0.000010 0.003469 0.927941 0.068580
0.000010 0.000010 0.934171 0.065809
0.000010 0.025706 0.974274 0.000010
0.000010 0.000010 0.940721 0.059259
0.000010 0.000010 0.999970 0.000010
0.003763 0.000010 0.996217 0.000010
0.000010 0.000010 0.999970 0.000010
0.000010 0.000010 0.911918 0.088062
0.000010 0.000010 0.999970 0.000010
0.000010 0.000010 0.926237 0.073743
0.000693 0.000010 0.999287 0.000010
0.000010 0.000010 0.918807 0.081173
0.000010 0.000010 0.999970 0.000010
0.000010 0.000010 0.999970 0.000010
0.000010 0.000963 0.965988 0.033038
0.000010 0.013583 0.844233 0.142174
0.000010 0.000010 0.932138 0.067842
0.000010 0.000010 0.939585 0.060395
0.000010 0.000010 0.999970 0.000010
0.000010 0.000010 0.925551 0.074429
0.000010 0.000010 0.999970 0.000010
0.000010 0.000010 0.999970 0.000010
0.000010 0.000010 0.999970 0.000010
0.000010 0.000010 0.999970 0.000010
0.000010 0.000010 0.999970 0.000010
0.000010 0.000010 0.999970 0.000010
0.000013 0.000010 0.940028 0.059949
0.000010 0.000010 0.999970 0.000010
0.000010 0.000010 0.999970 0.000010
0.000010 0.000010 0.913199 0.086781
0.000010 0.000010 0.939828 0.060152
0.000010 0.000010 0.922681 0.077299
0.002158 0.000913 0.996919 0.000010
0.001796 0.001174 0.997020 0.000010
0.000010 0.004829 0.995151 0.000010
0.000010 0.000010 0.999970 0.000010
0.000010 0.000010 0.971538 0.028442
0.000010 0.000010 0.999970 0.000010
0.000842 0.000010 0.999138 0.000010
0.000010 0.000010 0.942939 0.057041
0.004990 0.000010 0.994990 0.000010
0.000010 0.000010 0.939082 0.060898
0.000010 0.000010 0.948646 0.051334
0.005632 0.000017 0.994341 0.000010
0.000754 0.000010 0.999226 0.000010
0.000010 0.000010 0.930777 0.069203
0.000010 0.000010 0.999970 0.000010
0.000010 0.004327 0.995653 0.000010
0.003965 0.000010 0.996015 0.000010
0.000010 0.000010 0.999970 0.000010
0.000010 0.000010 0.999970 0.000010
0.000010 0.000010 0.926169 0.073811
0.000010 0.004340 0.918155 0.077495
0.000010 0.008380 0.991600 0.000010
0.000473 0.000010 0.930082 0.069435
0.000012 0.000010 0.938846 0.061133
0.000010 0.000010 0.906853 0.093127
0.000010 0.003843 0.996137 0.000010
0.000010 0.007656 0.992324 0.000010
0.000010 0.000010 0.999970 0.000010
0.000010 0.001699 0.998281 0.000010
0.000010 0.000010 0.914023 0.085957
0.000010 0.000010 0.999970 0.000010
0.000010 0.002437 0.997543 0.000010
0.000010 0.000010 0.999970 0.000010
0.000010 0.000010 0.999970 0.000010
0.000010 0.000010 0.934741 0.065239
0.005513 0.000010 0.941281 0.053196
0.000010 0.001613 0.929689 0.068688
0.003771 0.000010 0.996209 0.000010
0.000010 0.007392 0.992588 0.000010
0.004688 0.000010 0.995292 0.000010
0.000010 0.000010 0.940345 0.059635
0.000010 0.000010 0.968407 0.031573
0.000010 0.000010 0.936582 0.063398
0.000010 0.004899 0.995081 0.000010
0.000010 0.000010 0.999970 0.000010
0.000010 0.000010 0.945615 0.054365
0.000010 0.000367 0.999613 0.000010
0.000010 0.000010 0.937014 0.062966
0.001046 0.000010 0.998934 0.000010
0.000010 0.000010 0.999970 0.000010
0.000010 0.014191 0.861812 0.123987
0.000010 0.008668 0.991312 0.000010
0.005620 0.000010 0.994360 0.000010
0.000010 0.007622 0.992358 0.000010
0.000010 0.000010 0.999970 0.000010
0.000603 0.000010 0.999377 0.000010
0.000010 0.000010 0.999970 0.000010
0.000010 0.000010 0.999970 0.000010
0.000010 0.000010 0.999970 0.000010
0.000010 0.000010 0.999970 0.000010
0.000010 0.076764 0.765397 0.157830
0.000010 0.000010 0.936708 0.063272
0.000010 0.000010 0.999970 0.000010
0.000080 0.000010 0.999900 0.000010
0.000010 0.011134 0.988846 0.000010
0.000010 0.000010 0.969441 0.030539
0.000010 0.000010 0.936144 0.063836
0.000010 0.000010 0.943703 0.056277
0.000010 0.000010 0.999970 0.000010
0.021415 0.000010 0.688885 0.289690
0.000010 0.000010 0.999970 0.000010
0.003532 0.000010 0.931497 0.064961
0.001450 0.000010 0.998530 0.000010
0.000010 0.000010 0.999970 0.000010
0.000010 0.000010 0.927732 0.072248
0.000010 0.002607 0.997373 0.000010
0.000010 0.000010 0.932708 0.067272
0.000010 0.000010 0.914497 0.085483
0.001547 0.000010 0.998433 0.000010
0.000010 0.000010 0.927158 0.072822
0.000010 0.000333 0.999647 0.000010
0.001164 0.000010 0.998816 0.000010
0.000010 0.006764 0.993216 0.000010
0.000010 0.000010 0.657958 0.342022
0.000010 0.000010 0.999970 0.000010
0.000010 0.000010 0.927873 0.072107
0.002329 0.000010 0.927913 0.069748
0.000010 0.000010 0.938627 0.061353
0.000010 0.007939 0.956477 0.035574
0.000583 0.000010 0.927970 0.071437
0.003624 0.000010 0.996356 0.000010
0.000010 0.000010 0.999970 0.000010
0.000010 0.004967 0.995013 0.000010
0.000010 0.000010 0.914352 0.085628
0.000010 0.001113 0.998867 0.000010
0.000010 0.002342 0.997638 0.000010
0.001683 0.000010 0.998297 0.000010
0.000010 0.000010 0.999970 0.000010
0.000010 0.000010 0.927630 0.072350
0.000010 0.000010 0.999970 0.000010
0.000010 0.000010 0.999970 0.000010
0.000010 0.000010 0.999970 0.000010
0.000010 0.000010 0.999970 0.000010
0.000010 0.001767 0.998213 0.000010
0.000010 0.000010 0.999970 0.000010
0.000010 0.000010 0.999970 0.000010
0.000010 0.021958 0.889477 0.088555
0.002957 0.000368 0.996665 0.000010
0.000010 0.001551 0.998429 0.000010
0.000010 0.001845 0.998135 0.000010
0.000010 0.002772 0.997208 0.000010
0.000010 0.003529 0.996451 0.000010
0.000010 0.000010 0.999970 0.000010
0.000010 0.000010 0.909973 0.090007
0.000010 0.000010 0.919135 0.080845
0.000010 0.000010 0.897601 0.102379
0.000010 0.000010 0.999970 0.000010
0.000010 0.005449 0.922959 0.071582
0.000010 0.000010 0.919974 0.080006
0.004738 0.000010 0.932149 0.063103
0.000010 0.000010 0.936240 0.063740
0.000010 0.002030 0.997950 0.000010
0.000010 0.000010 0.999970 0.000010
0.000010 0.000010 0.933150 0.066830
0.000010 0.000010 0.999970 0.000010
0.000010 0.000010 0.906467 0.093513
0.001169 0.000288 0.998533 0.000010
0.000010 0.000010 0.999970 0.000010
0.000020 0.000010 0.922816 0.077154
0.006973 0.000010 0.993007 0.000010
0.000010 0.000010 0.945806 0.054174
0.000010 0.000010 0.999970 0.000010
0.000010 0.000010 0.999970 0.000010
0.000010 0.000010 0.925574 0.074406
0.000010 0.010706 0.989274 0.000010
0.000010 0.007058 0.953871 0.039061
0.005041 0.000010 0.961326 0.033623
0.000010 0.000010 0.968527 0.031453
0.000116 0.000010 0.930999 0.068875
0.000010 0.000010 0.927042 0.072938
0.000016 0.000010 0.917682 0.082292
0.000010 0.000010 0.936678 0.063302
0.004529 0.000010 0.941072 0.054389
0.000010 0.000010 0.999970 0.000010
0.000010 0.000010 0.929627 0.070353
0.000010 0.000010 0.941670 0.058310
0.000010 0.003757 0.996223 0.000010
0.000015 0.000010 0.999965 0.000010
0.003351 0.000010 0.996629 0.000010
0.000010 0.005441 0.994539 0.000010
0.003218 0.000010 0.996762 0.000010
0.000010 0.000010 0.931423 0.068557
0.003092 0.000010 0.996888 0.000010
0.000010 0.000010 0.999970 0.000010
0.000010 0.000010 0.999970 0.000010
0.000010 0.000769 0.999211 0.000010
0.000010 0.000010 0.920907 0.079073
0.000010 0.004807 0.995173 0.000010
0.003887 0.000010 0.996093 0.000010
0.000010 0.000010 0.999970 0.000010
0.000010 0.000010 0.921969 0.078011
0.009344 0.000010 0.990636 0.000010
0.000010 0.000010 0.999970 0.000010
0.000010 0.000010 0.999970 0.000010
0.000010 0.000010 0.999970 0.000010
0.000010 0.002743 0.997237 0.000010
0.000010 0.000010 0.925409 0.074571
0.000010 0.000010 0.999970 0.000010
0.001176 0.000010 0.998804 0.000010
0.002639 0.000010 0.941334 0.056017
0.002155 0.000010 0.894299 0.103536
0.000010 0.000010 0.999970 0.000010
0.000010 0.000343 0.932452 0.067194
0.000010 0.001642 0.998338 0.000010
0.000010 0.001517 0.998463 0.000010
0.000010 0.006682 0.993298 0.000010
0.000010 0.000010 0.929519 0.070461
0.000010 0.000010 0.944277 0.055703
0.000010 0.000010 0.902927 0.097053
0.000010 0.001728 0.934279 0.063984
0.000010 0.004908 0.995072 0.000010
0.000010 0.001429 0.998551 0.000010
0.000010 0.000010 0.999970 0.000010
0.000010 0.000010 0.999970 0.000010
0.001372 0.000010 0.998608 0.000010
0.000010 0.000010 0.928316 0.071664
0.000010 0.000010 0.000010 0.999970
0.000010 0.000010 0.000010 0.999970
0.000010 0.003055 0.996925 0.000010
0.003182 0.000010 0.938398 0.058411
0.000010 0.000010 0.941517 0.058463
0.000010 0.000010 0.999970 0.000010
0.000010 0.000010 0.931024 0.068956
0.000010 0.001939 0.998041 0.000010
0.000010 0.000010 0.963792 0.036188
0.000010 0.000010 0.927627 0.072353
0.000010 0.000010 0.999970 0.000010
0.000010 0.000010 0.999970 0.000010
0.000010 0.000010 0.931755 0.068225
0.000010 0.000010 0.999970 0.000010
0.000010 0.000010 0.942319 0.057661
0.000010 0.000010 0.999970 0.000010
0.000010 0.000010 0.935582 0.064398
0.000010 0.000010 0.999970 0.000010
0.000010 0.001426 0.998554 0.000010
0.000010 0.000010 0.928565 0.071415
0.000010 0.000010 0.999970 0.000010
0.001041 0.000010 0.998939 0.000010
0.000010 0.000010 0.999970 0.000010
0.000010 0.010592 0.989388 0.000010
0.000010 0.006939 0.993041 0.000010
0.000010 0.017576 0.982404 0.000010
0.000010 0.000010 0.999970 0.000010
0.000010 0.000010 0.999970 0.000010
0.000010 0.000010 0.999970 0.000010
0.000010 0.004107 0.995873 0.000010
0.000010 0.002991 0.925749 0.071249
0.000010 0.003609 0.996371 0.000010
0.000010 0.008146 0.991834 0.000010
0.000010 0.002010 0.997970 0.000010
0.002846 0.000010 0.997134 0.000010
0.000010 0.000010 0.932533 0.067447
0.000010 0.000010 0.999970 0.000010
0.000010 0.000010 0.931098 0.068882
0.000010 0.000010 0.999970 0.000010
0.000010 0.000010 0.999970 0.000010
0.000010 0.006310 0.993670 0.000010
0.003914 0.000010 0.996066 0.000010
0.000010 0.000010 0.999970 0.000010
0.000010 0.000010 0.920504 0.079476
0.000010 0.000010 0.999970 0.000010
0.000010 0.000010 0.932716 0.067264
0.000010 0.000010 0.999970 0.000010
0.000010 0.000081 0.896719 0.103190
0.000010 0.004749 0.995231 0.000010
0.000010 0.006978 0.993002 0.000010
0.000010 0.000010 0.938632 0.061348
0.000010 0.000010 0.999970 0.000010
0.004028 0.000010 0.928784 0.067178
0.000010 0.000010 0.999970 0.000010
0.000010 0.004594 0.925394 0.070002
0.000010 0.000010 0.999970 0.000010
0.000010 0.005856 0.935295 0.058839
0.000010 0.001671 0.910329 0.087990
0.000010 0.007123 0.992857 0.000010
0.001428 0.000010 0.998552 0.000010
0.004809 0.000010 0.995171 0.000010
0.002872 0.000010 0.997108 0.000010
0.000010 0.002027 0.997953 0.000010
0.000010 0.004240 0.995740 0.000010
0.000010 0.009587 0.990393 0.000010
0.000010 0.000010 0.999970 0.000010
0.000010 0.012204 0.987776 0.000010
0.000010 0.007181 0.936706 0.056103
0.006879 0.000010 0.993101 0.000010
0.000010 0.005548 0.994432 0.000010
0.000010 0.000010 0.999970 0.000010
0.000010 0.000010 0.999970 0.000010
0.000010 0.002786 0.927764 0.069440
0.000010 0.004914 0.995066 0.000010
0.001211 0.000010 0.998769 0.000010
0.000010 0.000010 0.919188 0.080792
0.000010 0.006429 0.958500 0.035061
0.000010 0.000010 0.907001 0.092979
0.000010 0.001808 0.998171 0.000010
0.000010 0.007155 0.992825 0.000010
0.013093 0.000010 0.576482 0.410415
0.001911 0.003753 0.947445 0.046891
0.000010 0.000355 0.933775 0.065861
0.000010 0.000010 0.999970 0.000010
0.003145 0.000010 0.996835 0.000010
0.002709 0.000010 0.997271 0.000010
0.007553 0.000010 0.992427 0.000010
0.012461 0.000010 0.954314 0.033215
0.000010 0.003354 0.996626 0.000010
0.000010 0.003112 0.996868 0.000010
0.000010 0.004815 0.995165 0.000010
0.005087 0.000010 0.994893 0.000010
0.000145 0.004949 0.964521 0.030384
0.000010 0.003207 0.996773 0.000010
0.004476 0.000010 0.995504 0.000010
0.000010 0.000010 0.943688 0.056292
0.000920 0.000010 0.924328 0.074742
0.006314 0.000010 0.993666 0.000010
0.000010 0.000010 0.938836 0.061144
0.000010 0.000010 0.913891 0.086089
0.000010 0.000010 0.912014 0.087966
0.000011 0.000010 0.935469 0.064510
0.000010 0.005152 0.994828 0.000010
0.000010 0.002848 0.918425 0.078717
0.000010 0.006485 0.905070 0.088436
0.000010 0.000010 0.999970 0.000010
0.000010 0.005054 0.994926 0.000010
0.000010 0.000010 0.933406 0.066574
0.000010 0.002456 0.903163 0.094371
0.000010 0.000010 0.999970 0.000010
0.002387 0.000010 0.997593 0.000010
0.000010 0.000010 0.912631 0.087349
0.006885 0.000010 0.958812 0.034293
0.001459 0.000010 0.934982 0.063549
0.000010 0.000010 0.999970 0.000010
0.000010 0.012257 0.987723 0.000010
0.009314 0.000010 0.990666 0.000010
0.000010 0.000010 0.999970 0.000010
0.000010 0.002361 0.904662 0.092967
0.004976 0.000010 0.995004 0.000010
0.000141 0.000010 0.928355 0.071494
0.000010 0.001668 0.962132 0.036190
0.000010 0.009186 0.990794 0.000010
0.000010 0.004370 0.927085 0.068536
0.000010 0.010012 0.989968 0.000010
0.000010 0.000010 0.999970 0.000010
0.000010 0.000010 0.999970 0.000010
0.000010 0.000010 0.999970 0.000010
0.001228 0.000010 0.927853 0.070908
0.000010 0.005410 0.994570 0.000010
0.000010 0.002968 0.997012 0.000010
0.000010 0.000010 0.883405 0.116575
0.000010 0.000010 0.896274 0.103706
0.000010 0.000010 0.927287 0.072693
0.000010 0.000010 0.950327 0.049653
0.002142 0.000010 0.923243 0.074605
0.000010 0.002019 0.997961 0.000010
0.002442 0.000010 0.997538 0.000010
0.000010 0.000010 0.999970 0.000010
0.000010 0.000718 0.999262 0.000010
0.000010 0.005512 0.994468 0.000010
0.000010 0.000010 0.925465 0.074515
0.000010 0.000010 0.999970 0.000010
0.000987 0.001351 0.931640 0.066023
0.000010 0.002298 0.997682 0.000010
0.000010 0.002691 0.997289 0.000010
0.000010 0.002289 0.997691 0.000010
0.000010 0.002230 0.997750 0.000010
0.000010 0.000010 0.924973 0.075007
0.000010 0.000010 0.936717 0.063263
0.000010 0.000010 0.930289 0.069691
0.000010 0.003349 0.996631 0.000010
0.000010 0.002427 0.997553 0.000010
0.000010 0.002733 0.964215 0.033042
0.000010 0.001620 0.998360 0.000010
0.000010 0.002754 0.997226 0.000010
0.000010 0.000010 0.999970 0.000010
0.000010 0.000010 0.963529 0.036451
0.000010 0.002389 0.905353 0.092249
0.000010 0.000010 0.999970 0.000010
0.000010 0.000010 0.999970 0.000010
0.000010 0.006338 0.993642 0.000010
0.000010 0.004803 0.995177 0.000010
0.000010 0.000869 0.999111 0.000010
0.000010 0.004695 0.995285 0.000010
0.000010 0.003000 0.938389 0.058602
0.000010 0.000474 0.999506 0.000010
0.000010 0.000898 0.999082 0.000010
0.000010 0.000010 0.999970 0.000010
0.000010 0.000010 0.999970 0.000010
0.000010 0.001407 0.998573 0.000010
0.000010 0.001051 0.998929 0.000010
0.003499 0.000010 0.996481 0.000010
0.003085 0.000010 0.996895 0.000010
0.000010 0.000395 0.927768 0.071827
0.003354 0.000010 0.996626 0.000010
0.000010 0.000010 0.999970 0.000010
0.003237 0.000010 0.996743 0.000010
0.000010 0.003158 0.996822 0.000010
0.000010 0.000010 0.999970 0.000010
0.000010 0.001808 0.998172 0.000010
0.000010 0.000010 0.999970 0.000010
0.000010 0.000578 0.999402 0.000010
0.000010 0.000010 0.999970 0.000010
0.000010 0.001096 0.998884 0.000010
0.000010 0.000010 0.907390 0.092590
0.000010 0.000010 0.999970 0.000010
0.000010 0.000010 0.999970 0.000010
0.000010 0.000010 0.913242 0.086738
0.000010 0.001105 0.919633 0.079252
0.000010 0.000010 0.922969 0.077011
0.000017 0.000010 0.934038 0.065935
0.000010 0.000010 0.999970 0.000010
0.000010 0.000010 0.999970 0.000010
0.000010 0.000010 0.999970 0.000010
0.004000 0.000010 0.995980 0.000010
0.000010 0.000010 0.918930 0.081050
0.000010 0.000010 0.999970 0.000010
0.000010 0.000010 0.999970 0.000010
0.000010 0.000010 0.999970 0.000010
0.000017 0.000010 0.920343 0.079630
0.000010 0.008710 0.991270 0.000010
0.000010 0.000010 0.942220 0.057760
0.002483 0.000010 0.997497 0.000010
0.000010 0.002439 0.997541 0.000010
0.005539 0.000010 0.873164 0.121286
0.000010 0.000010 0.921926 0.078054
0.000010 0.000010 0.999970 0.000010
0.000010 0.000010 0.999970 0.000010
0.000010 0.006238 0.993742 0.000010
0.000010 0.001424 0.998556 0.000010
0.002739 0.000010 0.997241 0.000010
0.000010 0.002492 0.961419 0.036078
0.001870 0.000010 0.919707 0.078413
0.004636 0.000010 0.995344 0.000010
0.005212 0.000010 0.994768 0.000010
0.000010 0.011129 0.988851 0.000010
0.009279 0.000010 0.990701 0.000010
0.004103 0.000010 0.928970 0.066917
0.000010 0.013941 0.986039 0.000010
0.000010 0.011133 0.988847 0.000010
0.005228 0.000010 0.994752 0.000010
0.000010 0.007188 0.992792 0.000010
0.000010 0.005155 0.994825 0.000010
0.000010 0.006857 0.993123 0.000010
0.009320 0.000010 0.990660 0.000010
0.000010 0.005965 0.994015 0.000010
0.000010 0.000260 0.956563 0.043167
0.000010 0.007770 0.917553 0.074666
0.000010 0.004064 0.995916 0.000010
0.000010 0.009158 0.990822 0.000010
0.000010 0.000010 0.999970 0.000010
0.000010 0.004821 0.995159 0.000010
0.000010 0.000010 0.953298 0.046682
0.000010 0.000010 0.912869 0.087111
0.000010 0.000010 0.999970 0.000010
0.000010 0.000010 0.999970 0.000010
0.001186 0.000010 0.998794 0.000010
0.000010 0.000010 0.925439 0.074541
0.000010 0.000813 0.926341 0.072836
0.000110 0.000010 0.999870 0.000010
0.000010 0.000010 0.999970 0.000010
0.000010 0.000010 0.999970 0.000010
0.000010 0.004869 0.995111 0.000010
0.008405 0.000010 0.991575 0.000010
0.000010 0.001463 0.909671 0.088857
0.000010 0.000480 0.899118 0.100392
0.000010 0.000010 0.933035 0.066945
0.000010 0.000010 0.999970 0.000010
0.000010 0.004200 0.995780 0.000010
0.000010 0.003428 0.996552 0.000010
0.000010 0.000010 0.999970 0.000010
0.000010 0.000010 0.963179 0.036801
0.000010 0.000010 0.999970 0.000010
0.000010 0.000010 0.999970 0.000010
0.000010 0.002995 0.996985 0.000010
0.000010 0.002442 0.997538 0.000010
0.000010 0.000010 0.999970 0.000010
0.000010 0.006487 0.968093 0.025410
0.000010 0.000010 0.912373 0.087607
0.000010 0.000010 0.930913 0.069067
0.000010 0.000010 0.999970 0.000010
0.005143 0.000010 0.994837 0.000010
0.000269 0.000010 0.999711 0.000010
0.000010 0.000010 0.908669 0.091311
0.004729 0.000010 0.995251 0.000010
0.000015 0.002244 0.997730 0.000010
0.000010 0.000010 0.902254 0.097726
0.000010 0.000509 0.919261 0.080220
0.000010 0.000010 0.942812 0.057168
0.000010 0.000010 0.932253 0.067727
0.000010 0.000010 0.920137 0.079843
0.000010 0.005427 0.914580 0.079983
0.000242 0.000010 0.925717 0.074030
0.000010 0.000329 0.925659 0.074002
0.000730 0.000010 0.923313 0.075948
0.000377 0.000010 0.914891 0.084722
0.000010 0.000010 0.930225 0.069755
0.001127 0.000010 0.998853 0.000010
0.001795 0.000010 0.998185 0.000010
0.000010 0.010240 0.989740 0.000010
0.000010 0.001414 0.938471 0.060105
0.000010 0.000010 0.939207 0.060773
0.000010 0.001222 0.964645 0.034123
0.000010 0.000010 0.905777 0.094203
0.000010 0.003331 0.996649 0.000010
0.000905 0.001478 0.962079 0.035537
0.000010 0.000814 0.999166 0.000010
0.000010 0.000010 0.905039 0.094941
0.000010 0.004437 0.995543 0.000010
0.000010 0.000010 0.999970 0.000010
0.000010 0.001059 0.998921 0.000010
0.000010 0.000010 0.948634 0.051346
0.000010 0.000010 0.927343 0.072637
0.193967 0.781500 0.024523 0.000010
0.213123 0.783497 0.003371 0.000010
0.243052 0.754638 0.002301 0.000010
0.178447 0.821533 0.000010 0.000010
0.220409 0.766316 0.013265 0.000010
0.248474 0.751506 0.000010 0.000010
0.203158 0.784416 0.012416 0.000010
0.187330 0.802316 0.010344 0.000010
0.211793 0.783427 0.004770 0.000010
0.207720 0.785079 0.007190 0.000010
0.244483 0.749723 0.005784 0.000010
0.260272 0.739708 0.000010 0.000010
0.200394 0.799586 0.000010 0.000010
0.241415 0.756276 0.002299 0.000010
0.259283 0.740697 0.000010 0.000010
0.244593 0.732972 0.022426 0.000010
0.227736 0.772244 0.000010 0.000010
0.254749 0.736975 0.008266 0.000010
0.210420 0.789560 0.000010 0.000010
0.233400 0.760936 0.005655 0.000010
0.246331 0.753649 0.000010 0.000010
0.205448 0.789050 0.005492 0.000010
0.233493 0.766487 0.000010 0.000010
0.209767 0.790204 0.000019 0.000010
0.247711 0.748868 0.003411 0.000010
0.222695 0.773116 0.004179 0.000010
0.244553 0.755427 0.000010 0.000010
0.288240 0.707187 0.004563 0.000010
0.186609 0.800060 0.013321 0.000010
0.188914 0.787342 0.023734 0.000010
0.189174 0.799006 0.011810 0.000010
0.235626 0.760639 0.003725 0.000010
0.177132 0.800417 0.022441 0.000010
0.205868 0.794112 0.000010 0.000010
0.159270 0.836896 0.003824 0.000010
0.198217 0.801763 0.000010 0.000010
0.209537 0.771530 0.018924 0.000010
0.235057 0.749560 0.015373 0.000010
0.230718 0.750350 0.018923 0.000010
0.211446 0.770954 0.017590 0.000010
0.202732 0.790635 0.006622 0.000010
0.203783 0.796197 0.000010 0.000010
0.220359 0.779621 0.000010 0.000010
0.230019 0.756713 0.013257 0.000010
0.188432 0.777811 0.033746 0.000010
0.196011 0.782123 0.021856 0.000010
0.191290 0.803524 0.005176 0.000010
0.206850 0.791014 0.002126 0.000010
0.197221 0.797989 0.004779 0.000010
0.215855 0.775012 0.009123 0.000010
0.239091 0.755181 0.005718 0.000010
0.218420 0.750570 0.031000 0.000010
0.195220 0.766649 0.038121 0.000010
0.205612 0.794368 0.000010 0.000010
0.238569 0.761411 0.000010 0.000010
0.201430 0.798550 0.000010 0.000010
0.222093 0.774290 0.003607 0.000010
0.215615 0.784365 0.000010 0.000010
0.197444 0.802536 0.000010 0.000010
0.216849 0.776101 0.007040 0.000010
0.999970 0.000010 0.000010 0.000010
0.999970 0.000010 0.000010 0.000010
0.846406 0.153574 0.000010 0.000010
0.999970 0.000010 0.000010 0.000010
0.999970 0.000010 0.000010 0.000010
0.999970 0.000010 0.000010 0.000010
0.999970 0.000010 0.000010 0.000010
0.999970 0.000010 0.000010 0.000010
0.724867 0.275113 0.000010 0.000010
0.999970 0.000010 0.000010 0.000010
0.999970 0.000010 0.000010 0.000010
0.999970 0.000010 0.000010 0.000010
0.999970 0.000010 0.000010 0.000010
0.999970 0.000010 0.000010 0.000010
0.999970 0.000010 0.000010 0.000010
0.965175 0.034805 0.000010 0.000010
0.885066 0.114914 0.000010 0.000010
0.176942 0.804107 0.018941 0.000010
0.288275 0.687299 0.024416 0.000010
0.182811 0.796975 0.020204 0.000010
0.208355 0.787281 0.004354 0.000010
0.182261 0.809435 0.008294 0.000010
0.174358 0.825622 0.000010 0.000010
0.205769 0.788633 0.005588 0.000010
0.178570 0.821410 0.000010 0.000010
0.212781 0.780171 0.007037 0.000010
0.189241 0.809528 0.001221 0.000010
0.200826 0.790565 0.008599 0.000010
0.186719 0.807326 0.005945 0.000010
0.151750 0.839100 0.009139 0.000010
0.207962 0.792018 0.000010 0.000010
0.201243 0.798737 0.000010 0.000010
0.293401 0.689173 0.017416 0.000010
0.192405 0.807575 0.000010 0.000010
0.148650 0.851330 0.000010 0.000010
0.198886 0.801094 0.000010 0.000010
0.175951 0.824029 0.000010 0.000010
0.190512 0.806253 0.003225 0.000010
0.194779 0.805201 0.000010 0.000010
0.204646 0.795334 0.000010 0.000010
0.174251 0.825729 0.000010 0.000010
0.183890 0.816090 0.000010 0.000010
0.178397 0.821583 0.000010 0.000010
0.241220 0.758760 0.000010 0.000010
0.179614 0.818722 0.001654 0.000010
0.219603 0.780377 0.000010 0.000010
0.181231 0.818749 0.000010 0.000010
0.183403 0.816577 0.000010 0.000010
0.207727 0.777020 0.015242 0.000010
0.999970 0.000010 0.000010 0.000010
0.999970 0.000010 0.000010 0.000010
0.961027 0.038953 0.000010 0.000010
0.999970 0.000010 0.000010 0.000010
0.911330 0.088650 0.000010 0.000010
0.999970 0.000010 0.000010 0.000010
0.999970 0.000010 0.000010 0.000010
0.963219 0.036761 0.000010 0.000010
0.999970 0.000010 0.000010 0.000010
0.872832 0.127148 0.000010 0.000010
0.999970 0.000010 0.000010 0.000010
0.778808 0.221172 0.000010 0.000010
0.999970 0.000010 0.000010 0.000010
0.999970 0.000010 0.000010 0.000010
0.999970 0.000010 0.000010 0.000010
0.999970 0.000010 0.000010 0.000010
0.999970 0.000010 0.000010 0.000010
0.999970 0.000010 0.000010 0.000010
0.878663 0.000010 0.121317 0.000010
0.888829 0.000010 0.111151 0.000010
0.823229 0.000010 0.176751 0.000010
0.848338 0.000010 0.151642 0.000010
0.854877 0.000010 0.145103 0.000010
0.845918 0.151395 0.002677 0.000010
0.999970 0.000010 0.000010 0.000010
0.999970 0.000010 0.000010 0.000010
0.914368 0.085612 0.000010 0.000010
0.786131 0.201686 0.012173 0.000010
0.880117 0.112281 0.007592 0.000010
0.999970 0.000010 0.000010 0.000010
0.999970 0.000010 0.000010 0.000010
0.973787 0.026193 0.000010 0.000010
0.999970 0.000010 0.000010 0.000010
0.997604 0.002376 0.000010 0.000010
0.999970 0.000010 0.000010 0.000010
0.999970 0.000010 0.000010 0.000010
0.999970 0.000010 0.000010 0.000010
0.999970 0.000010 0.000010 0.000010
0.999970 0.000010 0.000010 0.000010
0.999970 0.000010 0.000010 0.000010
0.999970 0.000010 0.000010 0.000010
0.937540 0.062440 0.000010 0.000010
0.982268 0.017712 0.000010 0.000010
0.962579 0.037401 0.000010 0.000010
0.884929 0.115051 0.000010 0.000010
0.901441 0.098539 0.000010 0.000010
0.999970 0.000010 0.000010 0.000010
0.999970 0.000010 0.000010 0.000010
0.875135 0.124845 0.000010 0.000010
0.999970 0.000010 0.000010 0.000010
0.980500 0.019480 0.000010 0.000010
0.728506 0.271474 0.000010 0.000010
0.999970 0.000010 0.000010 0.000010
0.999970 0.000010 0.000010 0.000010
0.692707 0.307273 0.000010 0.000010
0.999970 0.000010 0.000010 0.000010
0.986539 0.013441 0.000010 0.000010
0.999970 0.000010 0.000010 0.000010
0.643544 0.351446 0.004999 0.000010
0.999970 0.000010 0.000010 0.000010
0.999970 0.000010 0.000010 0.000010
0.911238 0.088742 0.000010 0.000010
0.999970 0.000010 0.000010 0.000010
0.999970 0.000010 0.000010 0.000010
0.999970 0.000010 0.000010 0.000010
0.933777 0.066203 0.000010 0.000010
0.963393 0.036587 0.000010 0.000010
0.999970 0.000010 0.000010 0.000010
0.954431 0.045549 0.000010 0.000010
0.999970 0.000010 0.000010 0.000010
0.999970 0.000010 0.000010 0.000010
0.999970 0.000010 0.000010 0.000010
0.999970 0.000010 0.000010 0.000010
0.999970 0.000010 0.000010 0.000010
0.999970 0.000010 0.000010 0.000010
0.999970 0.000010 0.000010 0.000010
0.999970 0.000010 0.000010 0.000010
0.999970 0.000010 0.000010 0.000010
0.999970 0.000010 0.000010 0.000010
0.930868 0.069112 0.000010 0.000010
0.999970 0.000010 0.000010 0.000010
0.999970 0.000010 0.000010 0.000010
0.999970 0.000010 0.000010 0.000010
0.744346 0.251640 0.004004 0.000010
0.999970 0.000010 0.000010 0.000010
0.999970 0.000010 0.000010 0.000010
0.999970 0.000010 0.000010 0.000010
0.999970 0.000010 0.000010 0.000010
0.210043 0.760039 0.029908 0.000010
0.000010 0.999970 0.000010 0.000010
0.000010 0.999970 0.000010 0.000010
0.000010 0.996766 0.003214 0.000010
0.000010 0.999970 0.000010 0.000010
0.000010 0.999970 0.000010 0.000010
0.000010 0.999965 0.000015 0.000010
0.000010 0.999970 0.000010 0.000010
0.000010 0.999970 0.000010 0.000010
0.000010 0.999970 0.000010 0.000010
0.000010 0.999970 0.000010 0.000010
0.007848 0.992132 0.000010 0.000010
0.000010 0.999970 0.000010 0.000010
0.000010 0.999970 0.000010 0.000010
0.000010 0.994598 0.005382 0.000010
0.000010 0.999970 0.000010 0.000010
0.000010 0.999970 0.000010 0.000010
0.000010 0.999970 0.000010 0.000010
0.000010 0.999970 0.000010 0.000010
0.000010 0.999970 0.000010 0.000010
