0.988922 0.004249 0.000010 0.006819
0.988851 0.003422 0.007717 0.000010
0.986819 0.003310 0.009861 0.000010
0.983914 0.004039 0.012037 0.000010
0.989365 0.005692 0.002016 0.002927
0.992104 0.000010 0.007743 0.000143
0.996181 0.000010 0.001948 0.001861
0.986191 0.000010 0.013789 0.000010
0.991439 0.004452 0.003082 0.001028
0.986506 0.003172 0.006943 0.003379
0.993183 0.001383 0.005423 0.000010
0.992395 0.000010 0.007585 0.000010
0.987064 0.004003 0.007958 0.000975
0.984696 0.005737 0.005556 0.004012
0.986836 0.006448 0.006573 0.000143
0.996811 0.002155 0.001025 0.000010
0.987653 0.004399 0.007938 0.000010
0.990341 0.001859 0.007790 0.000010
0.983218 0.002068 0.012781 0.001934
0.995407 0.000012 0.004571 0.000010
0.990835 0.000010 0.009145 0.000010
0.989059 0.004354 0.006577 0.000010
0.988098 0.002680 0.009212 0.000010
0.993102 0.000010 0.006587 0.000301
0.988331 0.003210 0.008449 0.000010
0.985509 0.003623 0.010858 0.000010
0.990596 0.000010 0.009384 0.000010
0.980992 0.009834 0.009164 0.000010
0.992897 0.002795 0.000894 0.003415
0.984908 0.001454 0.010937 0.002702
0.980322 0.002815 0.013556 0.003307
0.984568 0.006411 0.005452 0.003569
0.984624 0.003380 0.011986 0.000010
0.978795 0.006222 0.009548 0.005435
0.992380 0.002282 0.004243 0.001095
0.991175 0.003756 0.005059 0.000010
0.999195 0.000101 0.000694 0.000010
0.986899 0.000010 0.013081 0.000010
0.993198 0.000010 0.006782 0.000010
0.984034 0.001674 0.014282 0.000010
0.990490 0.005753 0.003747 0.000010
0.987438 0.003590 0.008962 0.000010
0.992162 0.002784 0.005044 0.000010
0.987565 0.000576 0.011849 0.000010
0.991568 0.001067 0.005958 0.001406
0.981683 0.004046 0.014261 0.000010
0.955824 0.004407 0.001012 0.038757
0.989660 0.003335 0.006995 0.000010
0.997569 0.000010 0.002411 0.000010
0.977858 0.010264 0.006189 0.005689
0.989599 0.000022 0.005821 0.004557
0.989293 0.000018 0.010678 0.000010
0.993261 0.000010 0.006719 0.000010
0.989791 0.000010 0.010189 0.000010
0.990544 0.003375 0.006071 0.000010
0.986737 0.005177 0.008076 0.000010
0.993474 0.002594 0.003922 0.000010
0.994804 0.000010 0.005176 0.000010
0.992759 0.000544 0.006687 0.000010
0.995443 0.001716 0.002831 0.000010
0.994908 0.000010 0.005072 0.000010
0.993909 0.003170 0.002911 0.000010
0.989591 0.002036 0.006410 0.001964
0.989680 0.004846 0.005464 0.000010
0.992503 0.003298 0.003256 0.000943
0.989867 0.000010 0.010113 0.000010
0.986854 0.000434 0.012702 0.000010
0.992755 0.000010 0.004767 0.002468
0.989188 0.004966 0.004136 0.001709
0.980795 0.003896 0.009251 0.006057
0.990870 0.001611 0.007147 0.000372
0.992590 0.000010 0.007390 0.000010
0.992341 0.000010 0.007639 0.000010
0.990710 0.000010 0.009270 0.000010
0.992110 0.000010 0.007870 0.000010
0.986162 0.006382 0.007446 0.000010
0.994294 0.000010 0.005686 0.000010
0.989660 0.000010 0.010320 0.000010
0.979290 0.006192 0.009055 0.005462
0.997892 0.000010 0.002088 0.000010
0.993331 0.000010 0.006649 0.000010
0.986687 0.004801 0.006051 0.002461
0.991588 0.000010 0.008392 0.000010
0.985173 0.006037 0.006303 0.002486
0.984408 0.000010 0.010604 0.004978
0.994305 0.000010 0.005336 0.000350
0.985551 0.003628 0.010812 0.000010
0.989058 0.001589 0.009343 0.000010
0.981071 0.006289 0.012630 0.000010
0.987261 0.000848 0.002231 0.009660
0.976261 0.008236 0.011988 0.003516
0.988929 0.004099 0.006961 0.000010
0.987165 0.003769 0.009056 0.000010
0.987263 0.004210 0.007297 0.001229
0.982515 0.002285 0.011672 0.003528
0.983789 0.004395 0.005970 0.005846
0.988845 0.005589 0.000010 0.005556
0.990846 0.000010 0.009134 0.000010
0.993134 0.000010 0.005372 0.001484
0.993178 0.000843 0.005969 0.000010
0.989507 0.002271 0.008212 0.000010
0.997682 0.000248 0.001881 0.000189
0.988672 0.000010 0.010525 0.000793
0.979266 0.000010 0.020714 0.000010
0.987106 0.000010 0.012874 0.000010
0.995115 0.000010 0.004865 0.000010
0.992210 0.000044 0.002550 0.005197
0.980088 0.004332 0.013160 0.002420
0.980357 0.010709 0.006594 0.002340
0.982792 0.007250 0.009949 0.000010
0.984710 0.001999 0.013281 0.000010
0.987005 0.000010 0.012975 0.000010
0.992310 0.001365 0.006315 0.000010
0.986269 0.007373 0.006348 0.000010
0.999970 0.000010 0.000010 0.000010
0.992303 0.000010 0.007677 0.000010
0.557440 0.037360 0.405190 0.000010
0.994010 0.001728 0.004253 0.000010
0.995739 0.000010 0.004241 0.000010
0.976534 0.003229 0.020227 0.000010
0.988313 0.003303 0.008373 0.000010
0.987499 0.000208 0.012283 0.000010
0.990781 0.000010 0.004205 0.005004
0.984204 0.005911 0.009874 0.000010
0.982480 0.005801 0.011709 0.000010
0.974521 0.006596 0.007171 0.011712
0.991291 0.002324 0.006375 0.000010
0.982221 0.000010 0.017759 0.000010
0.996747 0.003233 0.000010 0.000010
0.984684 0.003617 0.011689 0.000010
0.986633 0.005641 0.007716 0.000010
0.985302 0.001905 0.012783 0.000010
0.992175 0.004973 0.002842 0.000010
0.989862 0.005232 0.004896 0.000010
0.989500 0.003480 0.007010 0.000010
0.991516 0.005036 0.003438 0.000010
0.992749 0.001299 0.005942 0.000010
0.992677 0.000010 0.007303 0.000010
0.989228 0.004740 0.006023 0.000010
0.990359 0.001601 0.008030 0.000010
0.985699 0.001453 0.012838 0.000010
0.985888 0.005163 0.001553 0.007396
0.984736 0.002465 0.003425 0.009374
0.989406 0.002938 0.007645 0.000010
0.984051 0.004381 0.004941 0.006627
0.979597 0.007842 0.008869 0.003692
0.994202 0.000547 0.002971 0.002279
0.992157 0.000010 0.007823 0.000010
0.985409 0.000316 0.012275 0.002000
0.996683 0.000010 0.003297 0.000010
0.983421 0.003837 0.012732 0.000010
0.990349 0.002287 0.007354 0.000010
0.994551 0.001163 0.004276 0.000010
0.996040 0.000010 0.003940 0.000010
0.990851 0.000010 0.009129 0.000010
0.988637 0.000010 0.011343 0.000010
0.986987 0.002756 0.010246 0.000010
0.996239 0.000202 0.003549 0.000010
0.984084 0.003766 0.012140 0.000010
0.991518 0.006506 0.000669 0.001307
0.987919 0.003450 0.008621 0.000010
0.992992 0.000010 0.006988 0.000010
0.981590 0.005177 0.009689 0.003543
0.996462 0.001951 0.001577 0.000010
0.988303 0.001897 0.009791 0.000010
0.985224 0.000010 0.008019 0.006747
0.991345 0.002592 0.006054 0.000010
0.985557 0.000062 0.014371 0.000010
0.995589 0.000010 0.004391 0.000010
0.976966 0.003889 0.011811 0.007335
0.991657 0.004340 0.000387 0.003617
0.986527 0.000045 0.013418 0.000010
0.985518 0.005239 0.009234 0.000010
0.984135 0.000467 0.014848 0.000550
0.986078 0.001399 0.012513 0.000010
0.996077 0.001204 0.002709 0.000010
0.975901 0.008432 0.009797 0.005871
0.988789 0.005162 0.006039 0.000010
0.984619 0.004190 0.011180 0.000010
0.986893 0.006893 0.006204 0.000010
0.993728 0.003053 0.003209 0.000010
0.995805 0.002520 0.001665 0.000010
0.987793 0.006060 0.006137 0.000010
0.992187 0.000010 0.007793 0.000010
0.990375 0.000758 0.008857 0.000010
0.995698 0.000010 0.004282 0.000010
0.724616 0.026575 0.078669 0.170140
0.979164 0.007010 0.013554 0.000272
0.989823 0.000010 0.009532 0.000635
0.993446 0.000010 0.006534 0.000010
0.985762 0.002883 0.011346 0.000010
0.992881 0.000010 0.007099 0.000010
0.990573 0.002107 0.003325 0.003995
0.989914 0.000010 0.007867 0.002209
0.983706 0.001959 0.014326 0.000010
0.993082 0.000010 0.006898 0.000010
0.987938 0.003209 0.008843 0.000010
0.982397 0.000256 0.017337 0.000010
0.990349 0.000010 0.009631 0.000010
0.993421 0.000010 0.006559 0.000010
0.986921 0.000010 0.013059 0.000010
0.991914 0.002920 0.005156 0.000010
0.989922 0.000010 0.010058 0.000010
0.992494 0.000010 0.007486 0.000010
0.984967 0.004955 0.010068 0.000010
0.985936 0.003088 0.008803 0.002173
0.983896 0.000010 0.013283 0.002810
0.985782 0.001691 0.008935 0.003593
0.995329 0.001079 0.003582 0.000010
0.995720 0.000012 0.004258 0.000010
0.988624 0.001995 0.009371 0.000010
0.983819 0.003181 0.011716 0.001285
0.975490 0.007585 0.008531 0.008394
0.981380 0.001014 0.012748 0.004857
0.994423 0.004791 0.000776 0.000010
0.991258 0.000724 0.008007 0.000010
0.979039 0.005511 0.008583 0.006867
0.991975 0.001267 0.006748 0.000010
0.986908 0.000010 0.013072 0.000010
0.984445 0.002019 0.013526 0.000010
0.993347 0.003540 0.003102 0.000010
0.990461 0.000705 0.006467 0.002367
0.991430 0.000010 0.008550 0.000010
0.991669 0.002473 0.002722 0.003136
0.991948 0.002942 0.005100 0.000010
0.988546 0.000319 0.006089 0.005046
0.992620 0.002531 0.004838 0.000010
0.990354 0.000010 0.009626 0.000010
0.989425 0.004924 0.005640 0.000010
0.994458 0.000018 0.005514 0.000010
0.986426 0.002209 0.011355 0.000010
0.992874 0.000010 0.007106 0.000010
0.982866 0.003259 0.012229 0.001646
0.991249 0.000168 0.008573 0.000010
0.989429 0.000143 0.010417 0.000010
0.983928 0.005740 0.007571 0.002761
0.989978 0.004011 0.006002 0.000010
0.956251 0.017865 0.005982 0.019902
0.987527 0.000010 0.012453 0.000010
0.990914 0.003167 0.005909 0.000010
0.989059 0.002197 0.008734 0.000010
0.987427 0.003873 0.006466 0.002234
0.988004 0.003975 0.008011 0.000010
0.980442 0.005599 0.013949 0.000010
0.987809 0.002453 0.009728 0.000010
0.995618 0.000010 0.004362 0.000010
0.987916 0.002653 0.009421 0.000010
0.988181 0.000010 0.011799 0.000010
0.999970 0.000010 0.000010 0.000010
0.987396 0.005453 0.007141 0.000010
0.991755 0.000010 0.008225 0.000010
0.989344 0.002657 0.007988 0.000010
0.978746 0.000857 0.011894 0.008503
0.989548 0.003076 0.007366 0.000010
0.982971 0.007637 0.007294 0.002099
0.991070 0.001208 0.004864 0.002857
0.990975 0.000010 0.009005 0.000010
0.989055 0.001927 0.009008 0.000010
0.995404 0.000016 0.000010 0.004570
0.986135 0.000010 0.013845 0.000010
0.991820 0.001043 0.007127 0.000010
0.985036 0.005759 0.004671 0.004534
0.986734 0.002345 0.010911 0.000010
0.988252 0.002709 0.006133 0.002905
0.993177 0.001843 0.004567 0.000414
0.979937 0.003527 0.013532 0.003004
0.986146 0.003254 0.005668 0.004931
0.989282 0.000043 0.010665 0.000010
0.978445 0.002888 0.013426 0.005241
0.996064 0.000010 0.003916 0.000010
0.991891 0.000010 0.007255 0.000845
0.995602 0.000010 0.004378 0.000010
0.984635 0.001976 0.009340 0.004049
0.987789 0.002632 0.009570 0.000010
0.979931 0.000010 0.017050 0.003009
0.987753 0.000010 0.012227 0.000010
0.999970 0.000010 0.000010 0.000010
0.997884 0.002096 0.000010 0.000010
0.986880 0.002948 0.010162 0.000010
0.988984 0.000537 0.007050 0.003428
0.995478 0.000010 0.004502 0.000010
0.980082 0.001692 0.013289 0.004937
0.987890 0.000010 0.010096 0.002003
0.992113 0.000010 0.007867 0.000010
0.994495 0.000010 0.005485 0.000010
0.994017 0.000010 0.005963 0.000010
0.989261 0.000010 0.010719 0.000010
0.999970 0.000010 0.000010 0.000010
0.988754 0.000010 0.011226 0.000010
0.993897 0.003412 0.002681 0.000010
0.988008 0.002687 0.005068 0.004238
0.981644 0.003110 0.007802 0.007444
0.993756 0.000017 0.006218 0.000010
0.987383 0.001745 0.010862 0.000010
0.995788 0.000010 0.004192 0.000010
0.986547 0.000010 0.010932 0.002510
0.986680 0.002929 0.009421 0.000970
0.989912 0.000010 0.010068 0.000010
0.986933 0.002714 0.010020 0.000334
0.970885 0.005815 0.023057 0.000243
0.989491 0.000010 0.010489 0.000010
0.988398 0.002478 0.009114 0.000010
0.990697 0.004069 0.000720 0.004514
0.987628 0.000010 0.012352 0.000010
0.993448 0.000010 0.006532 0.000010
0.999276 0.000404 0.000310 0.000010
0.990947 0.003575 0.003327 0.002151
0.997920 0.001280 0.000790 0.000010
0.985409 0.004297 0.010284 0.000010
0.992887 0.001264 0.005839 0.000010
0.972742 0.005406 0.016789 0.005063
0.990429 0.001632 0.005691 0.002248
0.985300 0.002875 0.011815 0.000010
0.988449 0.002668 0.008873 0.000010
0.988667 0.000010 0.008120 0.003203
0.985469 0.000010 0.007021 0.007500
0.990137 0.000010 0.009843 0.000010
0.991475 0.000455 0.008059 0.000010
0.991132 0.000010 0.008848 0.000010
0.982651 0.003990 0.012891 0.000468
0.989910 0.000010 0.010070 0.000010
0.987742 0.000010 0.012238 0.000010
0.980987 0.001207 0.017795 0.000010
0.978620 0.000010 0.010862 0.010508
0.998717 0.000010 0.001263 0.000010
0.988679 0.002214 0.009097 0.000010
0.995447 0.000010 0.004533 0.000010
0.989184 0.004049 0.006757 0.000010
0.972608 0.005628 0.021755 0.000010
0.987364 0.002849 0.006885 0.002903
0.987314 0.004512 0.008164 0.000010
0.994071 0.001635 0.004285 0.000010
0.987294 0.004490 0.008206 0.000010
0.993870 0.000610 0.003628 0.001891
0.992681 0.000010 0.006865 0.000444
0.991060 0.000931 0.008000 0.000010
0.994290 0.000693 0.005007 0.000010
0.991544 0.000010 0.008436 0.000010
0.990567 0.000010 0.009413 0.000010
0.987069 0.000010 0.009205 0.003715
0.990221 0.003927 0.005841 0.000010
0.985803 0.004796 0.009391 0.000010
0.988951 0.003255 0.007785 0.000010
0.999970 0.000010 0.000010 0.000010
0.987690 0.003705 0.008595 0.000010
0.988389 0.002636 0.008965 0.000010
0.991016 0.001454 0.007520 0.000010
0.965916 0.013444 0.010760 0.009880
0.966821 0.007091 0.022037 0.004052
0.991410 0.000010 0.008570 0.000010
0.997536 0.002444 0.000010 0.000010
0.990347 0.000010 0.009633 0.000010
0.992810 0.001265 0.004501 0.001424
0.995569 0.000010 0.004411 0.000010
0.991399 0.001619 0.006972 0.000010
0.992440 0.000010 0.007540 0.000010
0.985460 0.002976 0.011553 0.000010
0.990058 0.000010 0.009922 0.000010
0.991063 0.004047 0.004880 0.000010
0.994301 0.000010 0.005679 0.000010
0.992019 0.000010 0.007961 0.000010
0.990793 0.002884 0.006313 0.000010
0.978716 0.003366 0.016290 0.001627
0.992641 0.001342 0.006007 0.000010
0.991822 0.002397 0.005771 0.000010
0.985296 0.001813 0.012882 0.000010
0.999970 0.000010 0.000010 0.000010
0.999970 0.000010 0.000010 0.000010
0.991755 0.002372 0.005863 0.000010
0.992097 0.000010 0.007883 0.000010
0.986349 0.003579 0.010062 0.000010
0.979586 0.002492 0.017912 0.000010
0.985599 0.005681 0.006904 0.001815
0.985882 0.006204 0.007904 0.000010
0.984458 0.000010 0.015522 0.000010
0.990063 0.000121 0.009806 0.000010
0.990493 0.000159 0.009338 0.000010
0.995605 0.000010 0.004375 0.000010
0.980358 0.004244 0.011389 0.004009
0.991272 0.000010 0.008708 0.000010
0.989975 0.000010 0.010005 0.000010
0.988668 0.000010 0.011312 0.000010
0.988867 0.000234 0.009322 0.001577
0.993047 0.000016 0.006927 0.000010
0.984182 0.006835 0.002737 0.006247
0.994712 0.000948 0.004330 0.000010
0.996734 0.000010 0.003246 0.000010
0.994473 0.000010 0.005507 0.000010
0.990817 0.002723 0.006449 0.000010
0.981634 0.005108 0.013248 0.000010
0.999970 0.000010 0.000010 0.000010
0.985089 0.001259 0.013642 0.000010
0.993123 0.001432 0.005435 0.000010
0.986271 0.000416 0.013303 0.000010
0.990998 0.001489 0.004643 0.002870
0.986741 0.001073 0.012176 0.000010
0.988776 0.006381 0.004833 0.000010
0.956141 0.017869 0.009789 0.016201
0.986278 0.001589 0.012124 0.000010
0.992992 0.000010 0.006988 0.000010
0.986550 0.001236 0.009206 0.003009
0.988468 0.001646 0.009876 0.000010
0.992428 0.000010 0.007551 0.000010
0.984708 0.002705 0.012577 0.000010
0.995497 0.000010 0.004483 0.000010
0.986984 0.002989 0.010018 0.000010
0.992450 0.000010 0.007530 0.000010
0.994044 0.003639 0.002230 0.000086
0.987940 0.003689 0.007350 0.001021
0.991713 0.000010 0.005255 0.003022
0.996309 0.000010 0.003671 0.000010
0.990220 0.000010 0.009760 0.000010
0.994224 0.002484 0.003283 0.000010
0.979995 0.000505 0.019489 0.000010
0.990562 0.003776 0.005652 0.000010
0.987380 0.000638 0.007189 0.004793
0.991302 0.000890 0.000010 0.007798
0.988742 0.006555 0.004693 0.000010
0.987644 0.000010 0.012336 0.000010
0.988472 0.005564 0.005955 0.000010
0.995403 0.000010 0.004577 0.000010
0.995700 0.000739 0.003551 0.000010
0.977956 0.003002 0.019032 0.000010
0.988779 0.000010 0.008299 0.002912
0.994463 0.001059 0.004467 0.000010
0.989444 0.002286 0.003095 0.005174
0.993176 0.001345 0.005470 0.000010
0.987008 0.005008 0.005836 0.002148
0.984852 0.003315 0.009654 0.002179
0.991822 0.000608 0.004056 0.003514
0.992637 0.000634 0.006718 0.000010
0.989913 0.002624 0.005504 0.001959
0.991637 0.000010 0.008343 0.000010
0.985019 0.002562 0.012409 0.000010
0.985949 0.004777 0.009264 0.000010
0.984029 0.002994 0.009385 0.003593
0.996175 0.000010 0.000192 0.003623
0.986282 0.002632 0.006120 0.004967
0.990330 0.004013 0.005647 0.000010
0.992331 0.000138 0.002183 0.005347
0.989494 0.004900 0.005596 0.000010
0.991949 0.000552 0.006052 0.001446
0.986215 0.004307 0.009468 0.000010
0.977412 0.002553 0.020025 0.000010
0.996161 0.000010 0.003819 0.000010
0.992964 0.002172 0.000023 0.004841
0.991321 0.004993 0.003675 0.000010
0.994385 0.001369 0.004236 0.000010
0.988882 0.002103 0.009005 0.000010
0.989337 0.000691 0.009483 0.000489
0.989084 0.004731 0.006176 0.000010
0.987445 0.003627 0.008918 0.000010
0.986891 0.002138 0.004868 0.006103
0.989923 0.000010 0.006334 0.003733
0.991111 0.002798 0.004899 0.001192
0.985930 0.002542 0.011518 0.000010
0.990197 0.002290 0.007504 0.000010
0.988336 0.000395 0.006677 0.004592
0.992749 0.000780 0.006461 0.000010
0.987745 0.000010 0.011132 0.001113
0.986781 0.003039 0.006517 0.003663
0.989511 0.000010 0.010469 0.000010
0.994948 0.000010 0.005032 0.000010
0.987418 0.002893 0.009099 0.000591
0.961074 0.010509 0.012184 0.016232
0.989787 0.004090 0.000010 0.006113
0.987165 0.000757 0.003891 0.008188
0.992509 0.000011 0.000010 0.007471
0.995123 0.001643 0.003224 0.000010
0.993808 0.000017 0.006165 0.000010
0.989786 0.000010 0.010194 0.000010
0.993866 0.000010 0.006114 0.000010
0.996860 0.000010 0.003120 0.000010
0.990407 0.003626 0.003133 0.002833
0.962134 0.032756 0.000010 0.005099
0.991416 0.000010 0.006523 0.002051
0.994040 0.000010 0.005940 0.000010
0.986110 0.002925 0.008880 0.002085
0.984809 0.004574 0.010607 0.000010
0.987453 0.004841 0.007697 0.000010
0.994432 0.000010 0.005548 0.000010
0.987204 0.001884 0.008730 0.002183
0.981616 0.007328 0.011045 0.000010
0.861980 0.004515 0.105344 0.028161
0.989004 0.003979 0.007006 0.000010
0.990084 0.002667 0.007239 0.000010
0.991255 0.000010 0.006828 0.001907
0.990202 0.001288 0.008500 0.000010
0.990208 0.004724 0.005058 0.000010
0.990255 0.007208 0.000209 0.002328
0.992341 0.001981 0.005669 0.000010
0.979181 0.004249 0.013572 0.002998
0.999970 0.000010 0.000010 0.000010
0.983179 0.003899 0.012912 0.000010
0.990872 0.005561 0.003557 0.000010
0.993342 0.003423 0.002992 0.000243
0.996852 0.001875 0.000010 0.001264
0.862944 0.000010 0.137036 0.000010
0.982550 0.003545 0.011344 0.002561
0.985228 0.005688 0.008550 0.000535
0.982998 0.000010 0.016982 0.000010
0.989054 0.002348 0.006285 0.002313
0.988640 0.000752 0.005886 0.004722
0.990444 0.002323 0.007223 0.000010
0.992465 0.002250 0.005276 0.000010
0.992173 0.000560 0.007257 0.000010
0.993278 0.003298 0.003414 0.000010
0.987413 0.000855 0.006718 0.005014
0.989094 0.003968 0.006928 0.000010
0.990076 0.004159 0.005755 0.000010
0.992242 0.000010 0.005134 0.002614
0.980667 0.002253 0.017070 0.000010
0.992398 0.003586 0.004006 0.000010
0.989998 0.006472 0.003520 0.000010
0.990035 0.001538 0.004124 0.004303
0.989206 0.000010 0.007780 0.003004
0.989535 0.003239 0.006099 0.001127
0.993634 0.001585 0.004771 0.000010
0.989733 0.000469 0.009788 0.000010
0.991824 0.002624 0.005542 0.000010
0.978059 0.010374 0.005942 0.005625
0.980878 0.005654 0.010749 0.002719
0.981390 0.000404 0.008416 0.009790
0.992790 0.001985 0.003800 0.001425
0.982060 0.002817 0.013593 0.001531
0.993060 0.000010 0.006920 0.000010
0.992518 0.002746 0.004725 0.000010
0.982948 0.006181 0.009079 0.001791
0.984269 0.001349 0.014372 0.000010
0.981357 0.000010 0.018623 0.000010
0.980009 0.002815 0.008702 0.008474
0.982591 0.003635 0.009849 0.003925
0.986666 0.001421 0.011903 0.000010
0.983238 0.002054 0.013515 0.001194
0.988899 0.000010 0.008553 0.002538
0.991510 0.004146 0.004333 0.000010
0.993146 0.001612 0.005097 0.000145
0.993344 0.003306 0.003340 0.000010
0.991769 0.002584 0.004264 0.001383
0.975915 0.004055 0.013974 0.006056
0.979938 0.008231 0.011821 0.000010
0.990080 0.000010 0.009900 0.000010
0.989864 0.002036 0.008090 0.000010
0.989792 0.001185 0.009012 0.000010
0.997057 0.000010 0.002923 0.000010
0.995961 0.000010 0.004019 0.000010
0.988859 0.000010 0.011121 0.000010
0.989106 0.002749 0.008135 0.000010
0.980684 0.009061 0.007031 0.003223
0.985373 0.005834 0.004348 0.004445
0.988490 0.002380 0.009120 0.000010
0.991924 0.000010 0.008056 0.000010
0.991274 0.002195 0.006521 0.000010
0.986510 0.005302 0.008177 0.000010
0.982764 0.005343 0.011882 0.000010
0.985752 0.003631 0.003650 0.006967
0.990057 0.000010 0.009923 0.000010
0.991690 0.004400 0.003615 0.000294
0.984814 0.000010 0.015166 0.000010
0.994789 0.004088 0.001113 0.000010
0.985749 0.004462 0.009779 0.000010
0.988007 0.001406 0.010578 0.000010
0.985671 0.000024 0.014295 0.000010
0.989066 0.000010 0.010174 0.000750
0.989408 0.002146 0.008436 0.000010
0.986514 0.002603 0.010873 0.000010
0.990790 0.003591 0.001859 0.003760
0.989426 0.000010 0.010554 0.000010
0.984935 0.000010 0.014957 0.000098
0.995647 0.001715 0.000010 0.002627
0.981903 0.000010 0.018077 0.000010
0.989824 0.002033 0.007060 0.001083
0.979640 0.003176 0.012886 0.004298
0.988150 0.000010 0.010154 0.001686
0.985339 0.001042 0.013609 0.000010
0.984863 0.003133 0.011994 0.000010
0.991331 0.003910 0.004749 0.000010
0.990343 0.002354 0.007293 0.000010
0.999970 0.000010 0.000010 0.000010
0.980682 0.004010 0.010954 0.004354
0.985094 0.001779 0.013117 0.000010
0.989558 0.003240 0.007192 0.000010
0.991401 0.000010 0.008579 0.000010
0.995077 0.000740 0.003666 0.000517
0.974637 0.003373 0.021857 0.000134
0.993129 0.000010 0.004163 0.002699
0.987135 0.004773 0.008082 0.000010
0.994166 0.002885 0.002939 0.000010
0.992922 0.002483 0.004585 0.000010
0.986998 0.006446 0.000010 0.006545
0.989125 0.002574 0.007351 0.000949
0.990021 0.000352 0.009617 0.000010
0.974907 0.004179 0.019559 0.001356
0.990984 0.000328 0.008678 0.000010
0.987401 0.005085 0.007503 0.000010
0.995269 0.000010 0.004711 0.000010
0.992000 0.003825 0.004165 0.000010
0.981775 0.005897 0.012317 0.000010
0.992586 0.001579 0.005825 0.000010
0.986832 0.000281 0.012876 0.000010
0.973501 0.011267 0.009682 0.005550
0.986376 0.006441 0.005647 0.001536
0.994768 0.002595 0.000010 0.002627
0.984547 0.000010 0.007812 0.007632
0.986673 0.000333 0.012984 0.000010
0.991107 0.001047 0.007836 0.000010
0.985425 0.000010 0.014555 0.000010
0.992695 0.000010 0.000010 0.007285
0.987881 0.000010 0.012099 0.000010
0.980368 0.002760 0.009745 0.007128
0.984954 0.002721 0.007853 0.004472
0.988386 0.001407 0.010196 0.000010
0.993410 0.004298 0.002282 0.000010
0.985964 0.005096 0.007322 0.001618
0.992666 0.000010 0.007314 0.000010
0.995538 0.000010 0.004442 0.000010
0.987421 0.000010 0.012559 0.000010
0.987495 0.003727 0.008768 0.000010
0.996264 0.003716 0.000010 0.000010
0.987395 0.003610 0.008985 0.000010
0.988408 0.004104 0.007478 0.000010
0.990500 0.001161 0.008328 0.000010
0.992131 0.000010 0.005228 0.002631
0.982248 0.007937 0.004150 0.005664
0.991634 0.005741 0.002615 0.000010
0.981157 0.008890 0.000010 0.009943
0.988100 0.004116 0.007774 0.000010
0.988109 0.004162 0.007719 0.000010
0.992106 0.001817 0.006067 0.000010
0.989971 0.002906 0.007113 0.000010
0.986876 0.004494 0.008620 0.000010
0.993608 0.000010 0.003488 0.002894
0.989682 0.005397 0.004558 0.000364
0.990454 0.004569 0.002458 0.002518
0.991412 0.000010 0.008568 0.000010
0.988735 0.000048 0.011207 0.000010
0.988910 0.001855 0.009225 0.000010
0.988148 0.001890 0.009952 0.000010
0.997923 0.002057 0.000010 0.000010
0.991884 0.001038 0.007068 0.000010
0.992206 0.001972 0.005812 0.000010
0.994152 0.000693 0.005145 0.000010
0.988420 0.004169 0.007401 0.000010
0.982433 0.004061 0.012469 0.001036
0.986099 0.007781 0.006110 0.000010
0.989353 0.001188 0.009058 0.000402
0.989281 0.000010 0.010699 0.000010
0.980195 0.010246 0.009539 0.000021
0.987827 0.001440 0.007946 0.002786
0.981573 0.005008 0.009654 0.003765
0.991052 0.000010 0.008928 0.000010
0.992383 0.000665 0.006942 0.000010
0.980495 0.003117 0.014484 0.001904
0.996097 0.000010 0.003883 0.000010
0.982813 0.002988 0.014189 0.000010
0.990670 0.003284 0.006035 0.000010
0.991530 0.001334 0.001488 0.005648
0.987675 0.006961 0.005354 0.000010
0.976556 0.005821 0.009332 0.008290
0.996697 0.002665 0.000628 0.000010
0.987762 0.000093 0.012134 0.000010
0.988002 0.002559 0.005094 0.004345
0.989623 0.002933 0.007434 0.000010
0.993357 0.005449 0.001184 0.000010
0.986744 0.005287 0.007959 0.000010
0.995244 0.000597 0.004149 0.000010
0.990939 0.000010 0.009041 0.000010
0.988906 0.002260 0.000486 0.008348
0.987085 0.002674 0.010231 0.000010
0.999970 0.000010 0.000010 0.000010
0.992174 0.000010 0.005372 0.002444
0.991226 0.002358 0.006407 0.000010
0.991610 0.004273 0.003192 0.000925
0.984806 0.006913 0.008271 0.000010
0.992773 0.001756 0.005461 0.000010
0.986730 0.004401 0.008860 0.000010
0.989541 0.004143 0.006306 0.000010
0.979465 0.007309 0.013216 0.000010
0.987363 0.002999 0.009628 0.000010
0.983439 0.006715 0.004503 0.005344
0.807420 0.005460 0.168511 0.018609
0.996711 0.003269 0.000010 0.000010
0.987202 0.003794 0.008995 0.000010
0.993714 0.000010 0.004752 0.001524
0.986056 0.002579 0.011355 0.000010
0.991380 0.000010 0.008600 0.000010
0.981212 0.006789 0.010546 0.001453
0.980426 0.004308 0.011699 0.003566
0.988357 0.006014 0.000010 0.005619
0.989629 0.000242 0.003362 0.006766
0.993977 0.004155 0.000010 0.001859
0.982484 0.003876 0.013630 0.000010
0.987026 0.000010 0.012954 0.000010
0.987793 0.003613 0.003926 0.004668
0.991034 0.002938 0.006019 0.000010
0.997868 0.002112 0.000010 0.000010
0.990909 0.000010 0.009071 0.000010
0.994725 0.000010 0.004087 0.001178
0.982949 0.004354 0.005993 0.006704
0.987971 0.002533 0.008137 0.001359
0.983079 0.004609 0.009317 0.002995
0.991286 0.002447 0.006077 0.000190
0.989158 0.002743 0.004630 0.003469
0.984578 0.002311 0.009863 0.003247
0.975437 0.004232 0.014951 0.005379
0.987394 0.005500 0.006725 0.000381
0.986308 0.002106 0.005918 0.005669
0.990423 0.001943 0.007624 0.000010
0.974959 0.005439 0.013292 0.006310
0.984134 0.006489 0.009367 0.000010
0.983790 0.000010 0.010652 0.005549
0.985078 0.005814 0.005026 0.004082
0.984038 0.002481 0.011722 0.001758
0.988826 0.000197 0.007414 0.003563
0.990880 0.000010 0.005015 0.004095
0.996305 0.000010 0.000010 0.003675
0.990287 0.000303 0.007615 0.001795
0.993819 0.000982 0.001536 0.003663
0.973508 0.007721 0.015369 0.003401
0.991054 0.000010 0.008926 0.000010
0.990402 0.000726 0.008861 0.000010
0.981246 0.002321 0.010065 0.006367
0.990165 0.001871 0.007954 0.000010
0.988506 0.000010 0.011474 0.000010
0.988548 0.004980 0.005661 0.000810
0.988651 0.006212 0.005127 0.000010
0.986754 0.000010 0.011728 0.001508
0.985954 0.003123 0.007155 0.003767
0.985783 0.004639 0.009569 0.000010
0.984998 0.004662 0.008411 0.001928
0.994813 0.000010 0.005167 0.000010
0.969462 0.009925 0.014238 0.006375
0.972897 0.006404 0.014241 0.006458
0.989421 0.001070 0.009499 0.000010
0.995974 0.000010 0.004006 0.000010
0.984517 0.002493 0.012980 0.000010
0.992874 0.000010 0.007106 0.000010
0.988823 0.001465 0.008241 0.001472
0.997147 0.002833 0.000010 0.000010
0.990863 0.003228 0.005899 0.000010
0.986962 0.006169 0.006860 0.000010
0.988067 0.003356 0.008567 0.000010
0.989730 0.002682 0.007579 0.000010
0.990782 0.000010 0.009198 0.000010
0.987950 0.002658 0.005468 0.003925
0.987153 0.002566 0.010270 0.000010
0.986699 0.002303 0.010988 0.000010
0.994933 0.000211 0.004034 0.000823
0.980442 0.004160 0.008575 0.006823
0.991637 0.002617 0.005736 0.000010
0.988707 0.002866 0.008417 0.000010
0.978371 0.000130 0.012797 0.008702
0.988792 0.003755 0.007443 0.000010
0.991473 0.000010 0.007239 0.001278
0.993122 0.002284 0.003133 0.001461
0.996589 0.000010 0.002775 0.000626
0.992828 0.000010 0.007152 0.000010
0.989598 0.000010 0.009933 0.000459
0.976095 0.005368 0.011154 0.007383
0.988628 0.003654 0.007709 0.000010
0.991652 0.001104 0.007043 0.000201
0.983850 0.001549 0.007114 0.007486
0.988218 0.003023 0.000010 0.008749
0.985865 0.003877 0.010247 0.000010
0.994518 0.000973 0.000213 0.004296
0.988289 0.004318 0.007383 0.000010
0.988453 0.004245 0.007291 0.000010
0.995846 0.000010 0.000010 0.004134
0.997339 0.002641 0.000010 0.000010
0.985124 0.006152 0.006384 0.002339
0.992994 0.000678 0.005374 0.000953
0.986728 0.005083 0.000010 0.008179
0.989707 0.000419 0.009864 0.000010
0.984737 0.002370 0.012884 0.000010
0.987864 0.005533 0.005067 0.001536
0.980042 0.000810 0.019137 0.000010
0.989455 0.002373 0.008162 0.000010
0.986460 0.003665 0.009866 0.000010
0.993265 0.004019 0.002706 0.000010
0.990859 0.000010 0.009121 0.000010
0.982262 0.004919 0.004667 0.008152
0.994038 0.001319 0.004632 0.000010
0.995477 0.001648 0.002865 0.000010
0.989172 0.000010 0.010808 0.000010
0.984833 0.004744 0.010413 0.000010
0.982658 0.006237 0.011095 0.000010
0.981680 0.004666 0.004348 0.009306
0.993421 0.003576 0.002993 0.000010
0.975886 0.008415 0.009804 0.005895
0.986094 0.005425 0.008471 0.000010
0.987641 0.001640 0.010710 0.000010
0.989581 0.000348 0.010062 0.000010
0.989500 0.006784 0.003706 0.000010
0.992555 0.003818 0.003617 0.000010
0.989983 0.002605 0.007401 0.000010
0.981408 0.004602 0.009539 0.004452
0.979851 0.004888 0.007463 0.007798
0.985263 0.006823 0.006250 0.001664
0.994846 0.002716 0.002428 0.000010
0.991285 0.000588 0.008117 0.000010
0.984198 0.002159 0.013634 0.000010
0.992448 0.002361 0.005180 0.000010
0.995645 0.000011 0.004333 0.000010
0.984122 0.001659 0.014209 0.000010
0.992115 0.003970 0.003905 0.000010
0.971853 0.009188 0.018949 0.000010
0.986148 0.003379 0.010464 0.000010
0.994860 0.000010 0.005120 0.000010
0.992882 0.002304 0.003432 0.001382
0.994563 0.002389 0.003038 0.000010
0.988035 0.002013 0.009942 0.000010
0.994631 0.000010 0.005349 0.000010
0.978453 0.006450 0.015087 0.000010
0.978566 0.000010 0.021414 0.000010
0.989180 0.001351 0.008624 0.000844
0.981095 0.001703 0.010762 0.006440
0.990753 0.000010 0.009227 0.000010
0.994202 0.000010 0.005778 0.000010
0.987501 0.004837 0.007653 0.000010
0.983226 0.004643 0.001147 0.010984
0.994186 0.001083 0.000010 0.004721
0.989123 0.000010 0.003922 0.006945
0.987007 0.000745 0.008416 0.003833
0.988615 0.004300 0.006832 0.000253
0.984720 0.004969 0.006852 0.003459
0.982332 0.003977 0.013681 0.000010
0.989017 0.004567 0.002959 0.003458
0.996192 0.000010 0.003788 0.000010
0.987480 0.006008 0.000799 0.005712
0.992856 0.003998 0.002862 0.000284
0.982884 0.002901 0.007844 0.006371
0.991106 0.003054 0.005830 0.000010
0.983479 0.003970 0.010451 0.002100
0.996208 0.000010 0.003772 0.000010
0.987871 0.002154 0.009966 0.000010
0.990598 0.000010 0.008866 0.000526
0.995579 0.000010 0.004401 0.000010
0.988230 0.004337 0.007422 0.000010
0.989331 0.002564 0.008094 0.000010
0.989758 0.005850 0.003910 0.000483
0.992316 0.000010 0.007664 0.000010
0.992717 0.000010 0.006231 0.001042
0.994549 0.001885 0.003556 0.000010
0.983823 0.004088 0.011014 0.001075
0.990805 0.003509 0.005677 0.000010
0.985363 0.009246 0.005381 0.000010
0.974768 0.009705 0.015517 0.000010
0.990444 0.003732 0.000246 0.005578
0.981861 0.004518 0.008415 0.005206
0.991575 0.002910 0.005505 0.000010
0.989813 0.003147 0.000055 0.006985
0.988129 0.003396 0.008464 0.000010
0.988832 0.004336 0.006822 0.000010
0.988781 0.003178 0.008032 0.000010
0.993693 0.002253 0.002937 0.001116
0.987124 0.004947 0.007919 0.000010
0.993632 0.000013 0.006345 0.000010
0.995192 0.003330 0.001468 0.000010
0.981270 0.008428 0.004064 0.006238
0.985663 0.005103 0.008910 0.000325
0.990184 0.000257 0.009549 0.000010
0.991248 0.000010 0.008732 0.000010
0.988358 0.004879 0.006754 0.000010
0.982806 0.003358 0.013826 0.000010
0.980037 0.002825 0.017128 0.000010
0.994385 0.000263 0.005342 0.000010
0.986720 0.006426 0.006844 0.000010
0.976165 0.005655 0.018170 0.000010
0.982172 0.005716 0.012102 0.000010
0.989994 0.000657 0.009339 0.000010
0.987756 0.000011 0.012222 0.000010
0.982699 0.002933 0.011565 0.002803
0.982823 0.007087 0.010080 0.000010
0.987173 0.005302 0.007514 0.000010
0.983002 0.003980 0.013008 0.000010
0.985721 0.000309 0.009460 0.004510
0.985317 0.006668 0.006583 0.001432
0.986290 0.001820 0.011880 0.000010
0.991488 0.000010 0.008492 0.000010
0.986607 0.005760 0.007622 0.000010
0.989558 0.001919 0.004607 0.003916
0.994155 0.000010 0.005825 0.000010
0.991000 0.002983 0.006007 0.000010
0.986598 0.001893 0.011498 0.000010
0.974860 0.005050 0.020081 0.000010
0.985687 0.002708 0.011595 0.000010
0.983504 0.004247 0.011033 0.001216
0.983006 0.005184 0.007636 0.004174
0.984052 0.004746 0.010599 0.000603
0.983201 0.004724 0.007512 0.004563
0.991842 0.003012 0.005136 0.000010
0.990079 0.000010 0.009044 0.000867
0.994244 0.000010 0.005736 0.000010
0.989930 0.004639 0.005421 0.000010
0.791989 0.000010 0.000010 0.207991
0.776098 0.000012 0.000010 0.223880
0.779574 0.000011 0.000010 0.220406
0.760561 0.000010 0.000010 0.239419
0.777383 0.000010 0.000010 0.222597
0.777799 0.000010 0.000010 0.222181
0.786397 0.000010 0.000010 0.213583
0.781078 0.000010 0.000010 0.218902
0.770553 0.000010 0.000010 0.229427
0.774197 0.000010 0.000010 0.225783
0.780175 0.000010 0.000010 0.219805
0.778696 0.000010 0.000010 0.221284
0.785611 0.000010 0.000010 0.214369
0.776710 0.000010 0.000010 0.223270
0.776064 0.000010 0.000010 0.223916
0.787246 0.000010 0.000010 0.212734
0.778729 0.000010 0.000010 0.221251
0.782649 0.000010 0.000010 0.217331
0.765722 0.000010 0.000010 0.234258
0.789379 0.000010 0.000010 0.210601
0.766168 0.000010 0.000010 0.233812
0.765602 0.000010 0.000010 0.234378
0.767756 0.000010 0.000010 0.232224
0.766319 0.000010 0.000010 0.233661
0.773003 0.000010 0.000010 0.226977
0.775655 0.000010 0.000010 0.224325
0.756621 0.000010 0.000010 0.243359
0.784420 0.000010 0.000010 0.215560
0.775568 0.000010 0.000010 0.224412
0.789056 0.000010 0.000010 0.210924
0.786473 0.000170 0.000010 0.213347
0.786057 0.000010 0.000010 0.213923
0.792796 0.000010 0.000010 0.207184
0.764483 0.000917 0.000010 0.234590
0.776871 0.000010 0.000010 0.223109
0.752126 0.000010 0.000010 0.247854
0.780334 0.000010 0.000010 0.219646
0.785501 0.000010 0.000010 0.214479
0.785196 0.000010 0.000010 0.214784
0.790415 0.000010 0.000010 0.209565
0.785388 0.000010 0.000010 0.214592
0.773859 0.000010 0.000010 0.226121
0.770756 0.000010 0.000010 0.229224
0.765587 0.000010 0.000010 0.234393
0.792542 0.000010 0.000010 0.207438
0.778322 0.000010 0.000010 0.221658
0.764752 0.000010 0.000010 0.235228
0.779810 0.000010 0.000010 0.220170
0.782160 0.000010 0.000010 0.217820
0.790948 0.000011 0.000010 0.209031
0.782869 0.000012 0.000010 0.217109
0.785612 0.000010 0.000010 0.214368
0.794033 0.000016 0.000010 0.205941
0.783726 0.000010 0.000010 0.216254
0.773910 0.000010 0.000010 0.226070
0.780903 0.000331 0.000010 0.218757
0.772898 0.000010 0.000010 0.227082
0.774249 0.000012 0.000010 0.225728
0.771939 0.000011 0.000010 0.228040
0.778110 0.000010 0.000010 0.221870
0.745554 0.000010 0.094901 0.159535
0.762074 0.000010 0.070859 0.167057
0.765945 0.000010 0.047689 0.186355
0.731217 0.000010 0.080269 0.188503
0.740924 0.000010 0.091478 0.167588
0.741540 0.000010 0.067359 0.191090
0.748038 0.000010 0.074338 0.177614
0.749687 0.000010 0.075773 0.174529
0.715668 0.003084 0.056630 0.224618
0.747719 0.000010 0.080953 0.171319
0.745705 0.000010 0.076050 0.178235
0.732564 0.000010 0.082563 0.184863
0.750635 0.000010 0.073170 0.176185
0.737519 0.000010 0.097349 0.165121
0.746028 0.000010 0.055205 0.198756
0.754927 0.000010 0.072818 0.172244
0.754852 0.000010 0.048710 0.196428
0.776109 0.000010 0.000010 0.223871
0.746821 0.001359 0.005477 0.246343
0.778613 0.000010 0.000010 0.221367
0.787714 0.000010 0.000010 0.212266
0.787673 0.000010 0.000010 0.212307
0.767649 0.000010 0.000010 0.232331
0.771675 0.000010 0.000010 0.228305
0.776574 0.000010 0.000010 0.223406
0.773659 0.000010 0.000010 0.226321
0.772974 0.000010 0.000010 0.227006
0.779023 0.000010 0.000010 0.220957
0.772392 0.000010 0.000010 0.227588
0.766923 0.000010 0.000010 0.233057
0.769675 0.000010 0.000010 0.230305
0.777443 0.000010 0.000010 0.222537
0.764694 0.000246 0.010185 0.224874
0.769984 0.000010 0.000010 0.229996
0.758665 0.000010 0.000010 0.241315
0.768996 0.000010 0.000010 0.230984
0.778079 0.000010 0.000010 0.221901
0.778193 0.000010 0.000010 0.221787
0.772902 0.000465 0.000010 0.226622
0.784852 0.000010 0.000010 0.215128
0.769498 0.000010 0.000010 0.230482
0.763051 0.000010 0.000010 0.236929
0.780747 0.000010 0.000010 0.219233
0.778996 0.000010 0.000010 0.220984
0.778926 0.000010 0.000010 0.221054
0.766550 0.000010 0.000010 0.233430
0.782951 0.000010 0.000010 0.217029
0.763592 0.000014 0.000010 0.236383
0.790307 0.000011 0.000010 0.209672
0.758012 0.000010 0.066846 0.175132
0.744533 0.000010 0.078732 0.176725
0.749771 0.000010 0.052783 0.197436
0.750262 0.000010 0.072806 0.176922
0.739607 0.000010 0.056208 0.204174
0.725830 0.000010 0.091935 0.182225
0.729204 0.000010 0.095043 0.175743
0.747194 0.000010 0.063704 0.189092
0.769526 0.000010 0.060838 0.169626
0.760845 0.000010 0.051220 0.187925
0.745092 0.000010 0.069226 0.185672
0.761796 0.000010 0.039276 0.198918
0.738354 0.000010 0.068050 0.193585
0.746407 0.000010 0.068723 0.184860
0.745061 0.000010 0.067444 0.187485
0.735158 0.000010 0.075056 0.189776
0.743850 0.000010 0.064776 0.191364
0.737179 0.000010 0.080532 0.182279
0.731365 0.000010 0.059298 0.209326
0.731315 0.000010 0.074367 0.194308
0.762513 0.000010 0.050841 0.186635
0.752846 0.000010 0.077279 0.169865
0.760632 0.000010 0.062027 0.177331
0.765490 0.000010 0.050976 0.183524
0.752094 0.000010 0.078502 0.169395
0.745926 0.000010 0.068652 0.185412
0.755218 0.000010 0.050297 0.194475
0.773788 0.000010 0.038069 0.188133
0.763355 0.000010 0.049598 0.187036
0.745829 0.000010 0.080671 0.173490
0.745226 0.000010 0.072385 0.182379
0.764731 0.000010 0.049593 0.185666
0.757851 0.000010 0.064303 0.177836
0.750616 0.000010 0.063036 0.186338
0.748442 0.000010 0.081819 0.169730
0.750621 0.000010 0.081159 0.168209
0.743541 0.000010 0.078712 0.177737
0.734048 0.000010 0.090575 0.175366
0.750136 0.000010 0.076568 0.173285
0.748632 0.000010 0.074001 0.177357
0.759718 0.000010 0.068442 0.171829
0.747961 0.000010 0.049711 0.202318
0.745536 0.000010 0.068713 0.185740
0.740085 0.000010 0.065443 0.194463
0.751843 0.000010 0.061714 0.186432
0.759657 0.000010 0.051424 0.188909
0.747469 0.000010 0.055332 0.197189
0.747973 0.000010 0.074377 0.177640
0.752982 0.000010 0.052561 0.194447
0.758259 0.000010 0.062529 0.179203
0.745927 0.000010 0.065935 0.188128
0.732602 0.007069 0.049983 0.210346
0.740902 0.000010 0.079949 0.179139
0.753975 0.000010 0.073247 0.172767
0.772674 0.000010 0.027201 0.200114
0.736831 0.000010 0.065350 0.197809
0.747487 0.000010 0.055850 0.196653
0.748196 0.000010 0.075701 0.176092
0.773271 0.000010 0.021815 0.204904
0.764319 0.000010 0.071015 0.164655
0.736253 0.000010 0.078108 0.185630
0.770403 0.000010 0.056181 0.173407
0.753511 0.000010 0.064135 0.182345
0.767938 0.000010 0.061815 0.170238
0.746627 0.000010 0.100184 0.153179
0.752172 0.000010 0.056392 0.191426
0.742290 0.000010 0.059468 0.198232
0.735558 0.000010 0.081607 0.182825
0.743727 0.000010 0.052156 0.204107
0.746133 0.000010 0.062104 0.191754
0.734024 0.000010 0.079930 0.186037
0.748593 0.000010 0.061626 0.189772
0.745931 0.000010 0.073891 0.180168
0.733133 0.000010 0.085770 0.181087
0.748712 0.000010 0.074887 0.176390
0.741893 0.000010 0.066755 0.191342
0.753811 0.000010 0.066715 0.179463
0.746784 0.000010 0.094051 0.159155
0.743467 0.000010 0.070944 0.185579
0.755149 0.000010 0.046979 0.197861
0.658556 0.004330 0.099782 0.237332
0.743027 0.000010 0.067419 0.189544
0.752487 0.000010 0.053513 0.193990
0.781027 0.000010 0.031865 0.187098
0.750746 0.000010 0.056399 0.192845
0.740740 0.000010 0.076143 0.183108
0.747592 0.000010 0.080153 0.172245
0.749977 0.000010 0.064853 0.185160
0.000010 0.000010 0.999970 0.000010
0.000010 0.000010 0.999970 0.000010
0.000010 0.000010 0.999970 0.000010
0.000010 0.000010 0.999970 0.000010
0.000010 0.000010 0.999970 0.000010
0.000010 0.000010 0.999970 0.000010
0.000010 0.000010 0.999970 0.000010
0.000010 0.000010 0.999970 0.000010
0.000010 0.000010 0.999970 0.000010
0.000010 0.000010 0.999970 0.000010
0.000010 0.000010 0.999970 0.000010
0.000010 0.000010 0.999970 0.000010
0.000010 0.000010 0.999970 0.000010
0.000010 0.000010 0.999970 0.000010
0.000010 0.000010 0.999970 0.000010
0.000010 0.000010 0.999970 0.000010
0.000010 0.000010 0.999970 0.000010
0.000010 0.000010 0.999970 0.000010
0.000010 0.000010 0.999970 0.000010
0.000010 0.000010 0.999970 0.000010
