0.003243 0.000010 0.996747
0.002796 0.001982 0.995223
0.002913 0.004683 0.992404
0.003258 0.006235 0.990507
0.004544 0.000010 0.995446
0.000498 0.000010 0.999492
0.000010 0.000010 0.999980
0.000010 0.008065 0.991925
0.002891 0.000010 0.997099
0.002356 0.001497 0.996148
0.000107 0.000010 0.999883
0.000010 0.000537 0.999453
0.002853 0.001675 0.995472
0.004779 0.000047 0.995173
0.005046 0.000010 0.994944
0.000010 0.000010 0.999980
0.003291 0.002158 0.994550
0.001765 0.001332 0.996903
0.001894 0.008196 0.989911
0.000010 0.000010 0.999980
0.000010 0.004332 0.995658
0.003724 0.000377 0.995899
0.001538 0.003258 0.995204
0.000010 0.000019 0.999971
0.002843 0.002526 0.994631
0.002511 0.005395 0.992094
0.000010 0.003983 0.996007
0.007873 0.004219 0.987908
0.001679 0.000010 0.998311
0.000249 0.005507 0.994244
0.002295 0.008343 0.989363
0.005259 0.000010 0.994731
0.002124 0.006689 0.991188
0.005258 0.005110 0.989632
0.001776 0.000010 0.998214
0.002990 0.000862 0.996149
0.000010 0.000010 0.999980
0.000010 0.007797 0.992193
0.000010 0.000010 0.999980
0.000537 0.008972 0.990491
0.004709 0.000010 0.995281
0.003140 0.002730 0.994130
0.001549 0.000010 0.998441
0.000010 0.006051 0.993939
0.000010 0.000010 0.999980
0.003512 0.008861 0.987628
0.004368 0.007462 0.988169
0.002923 0.000010 0.997067
0.000010 0.000010 0.999980
0.008783 0.001441 0.989776
0.000012 0.000010 0.999978
0.000010 0.005031 0.994959
0.000010 0.000010 0.999980
0.000010 0.005359 0.994631
0.002816 0.000460 0.996724
0.004450 0.002144 0.993406
0.001235 0.000010 0.998755
0.000013 0.000010 0.999977
0.000013 0.000673 0.999314
0.001402 0.000010 0.998588
0.000010 0.000010 0.999980
0.002501 0.000010 0.997489
0.001654 0.000010 0.998336
0.004158 0.000010 0.995832
0.002809 0.000010 0.997181
0.000010 0.004778 0.995212
0.000010 0.008121 0.991869
0.000010 0.000010 0.999980
0.004134 0.000010 0.995856
0.002813 0.005624 0.991563
0.001510 0.000040 0.998450
0.000010 0.000705 0.999285
0.000010 0.001389 0.998601
0.000010 0.003423 0.996567
0.000010 0.001901 0.998089
0.005497 0.001251 0.993252
0.000010 0.000010 0.999980
0.000010 0.004600 0.995390
0.005124 0.004946 0.989930
0.000010 0.000010 0.999980
0.000010 0.000010 0.999980
0.003770 0.000010 0.996220
0.000010 0.001523 0.998467
0.005148 0.000484 0.994368
0.000010 0.005884 0.994106
0.000010 0.000010 0.999980
0.003169 0.005804 0.991027
0.001766 0.004099 0.994135
0.004766 0.007321 0.987914
0.000010 0.000010 0.999980
0.006762 0.007399 0.985839
0.003512 0.000926 0.995563
0.003145 0.003788 0.993067
0.003140 0.001325 0.995535
0.001903 0.006369 0.991727
0.003454 0.001581 0.994965
0.004290 0.000010 0.995700
0.000010 0.000895 0.999095
0.000011 0.000010 0.999979
0.000732 0.000010 0.999258
0.001298 0.002169 0.996533
0.000010 0.000010 0.999980
0.000010 0.004903 0.995087
0.000010 0.014073 0.985917
0.000010 0.004716 0.995274
0.000010 0.000010 0.999980
0.000443 0.000010 0.999547
0.003337 0.008175 0.988488
0.009281 0.000010 0.990709
0.006271 0.003082 0.990647
0.000554 0.007831 0.991615
0.000010 0.004730 0.995260
0.001077 0.001460 0.997463
0.005922 0.000010 0.994068
0.000010 0.000010 0.999980
0.000010 0.003618 0.996372
0.035076 0.401685 0.563238
0.001740 0.000010 0.998250
0.000010 0.000010 0.999980
0.002803 0.014218 0.982979
0.002899 0.002504 0.994597
0.000010 0.005690 0.994300
0.000013 0.000010 0.999977
0.004899 0.004186 0.990915
0.004477 0.006593 0.988930
0.005754 0.004831 0.989414
0.001653 0.001165 0.997182
0.000010 0.011789 0.988201
0.001929 0.000010 0.998061
0.003285 0.006053 0.990662
0.003973 0.001928 0.994099
0.001859 0.006888 0.991253
0.003901 0.000010 0.996089
0.004415 0.000010 0.995575
0.002479 0.000833 0.996687
0.004163 0.000010 0.995827
0.000010 0.000010 0.999980
0.000010 0.001891 0.998099
0.003548 0.000010 0.996442
0.000420 0.002612 0.996968
0.000126 0.007693 0.992181
0.004075 0.000010 0.995915
0.001611 0.000010 0.998379
0.002870 0.000793 0.996337
0.003374 0.001197 0.995429
0.006758 0.004202 0.989040
0.000010 0.000010 0.999980
0.000010 0.002024 0.997966
0.000010 0.007007 0.992983
0.000010 0.000010 0.999980
0.002679 0.006957 0.990365
0.000577 0.001798 0.997624
0.000010 0.000010 0.999980
0.000012 0.000010 0.999978
0.000010 0.003980 0.996010
0.000010 0.005839 0.994151
0.002093 0.005566 0.992341
0.000010 0.000010 0.999980
0.002519 0.005742 0.991738
0.005033 0.000010 0.994957
0.002535 0.002137 0.995328
0.000010 0.000513 0.999477
0.004319 0.003969 0.991712
0.001354 0.000010 0.998636
0.000957 0.003718 0.995325
0.000010 0.003546 0.996444
0.002029 0.000010 0.997961
0.000010 0.008249 0.991741
0.000014 0.000010 0.999976
0.003349 0.007976 0.988675
0.002708 0.000010 0.997282
0.000010 0.008547 0.991443
0.004316 0.003400 0.992284
0.000010 0.009319 0.990671
0.000745 0.006806 0.992449
0.000051 0.000010 0.999939
0.007120 0.005239 0.987640
0.003820 0.000010 0.996170
0.003129 0.006215 0.990656
0.005635 0.000010 0.994355
0.002654 0.000010 0.997336
0.001785 0.000010 0.998205
0.005133 0.000010 0.994857
0.000010 0.002614 0.997376
0.000096 0.003609 0.996294
0.000012 0.000010 0.999978
0.027955 0.112886 0.859159
0.006050 0.008264 0.985686
0.000010 0.003514 0.996476
0.000010 0.000010 0.999980
0.001666 0.006096 0.992239
0.000010 0.002737 0.997253
0.002032 0.000010 0.997958
0.000010 0.003423 0.996567
0.000728 0.010028 0.989245
0.000010 0.000827 0.999163
0.002899 0.003873 0.993228
0.000721 0.011671 0.987608
0.000010 0.003299 0.996691
0.000010 0.000641 0.999349
0.000010 0.008100 0.991890
0.002594 0.000010 0.997396
0.000010 0.004752 0.995238
0.000010 0.001561 0.998429
0.004329 0.004413 0.991257
0.001868 0.002961 0.995172
0.000010 0.008420 0.991570
0.000698 0.004590 0.994712
0.000138 0.000010 0.999852
0.000010 0.000010 0.999980
0.001942 0.004442 0.993616
0.002109 0.006245 0.991646
0.006407 0.005460 0.988133
0.000010 0.008183 0.991807
0.003585 0.000010 0.996405
0.000739 0.001354 0.997907
0.004690 0.004727 0.990583
0.000820 0.000010 0.999170
0.000010 0.006822 0.993168
0.000994 0.007853 0.991153
0.002625 0.000010 0.997365
0.000010 0.000010 0.999980
0.000010 0.003447 0.996543
0.001402 0.000010 0.998588
0.001896 0.000010 0.998094
0.000010 0.001436 0.998554
0.001831 0.000010 0.998159
0.000010 0.004347 0.995643
0.003935 0.000010 0.996055
0.000010 0.000010 0.999980
0.001942 0.005796 0.992262
0.000010 0.000238 0.999752
0.002653 0.007335 0.990012
0.000010 0.003374 0.996616
0.000010 0.004760 0.995230
0.004554 0.002530 0.992916
0.002955 0.000174 0.996871
0.015616 0.004124 0.980261
0.000010 0.006889 0.993101
0.002219 0.000010 0.997771
0.002321 0.003717 0.993962
0.003235 0.000882 0.995883
0.002873 0.003763 0.993364
0.004488 0.007993 0.987519
0.002170 0.004291 0.993539
0.000010 0.000010 0.999980
0.002046 0.004185 0.993770
0.000010 0.005669 0.994321
0.000016 0.000010 0.999974
0.004519 0.001913 0.993567
0.000010 0.002994 0.996996
0.002122 0.002931 0.994946
0.000010 0.008302 0.991688
0.002440 0.002352 0.995208
0.006393 0.001619 0.991988
0.000010 0.000010 0.999980
0.000010 0.001441 0.998549
0.001762 0.003787 0.994451
0.000010 0.000010 0.999980
0.000010 0.008456 0.991534
0.000010 0.001364 0.998626
0.004767 0.000010 0.995223
0.002036 0.006169 0.991795
0.002115 0.000773 0.997112
0.001560 0.000010 0.998430
0.003043 0.008879 0.988078
0.002225 0.000248 0.997527
0.000010 0.004746 0.995244
0.001680 0.009528 0.988793
0.000010 0.000010 0.999980
0.000010 0.000811 0.999179
0.000010 0.000010 0.999980
0.000750 0.004600 0.994650
0.002020 0.002924 0.995056
0.000010 0.011355 0.988635
0.000010 0.006651 0.993339
0.000010 0.000010 0.999980
0.000617 0.000010 0.999373
0.002284 0.005102 0.992614
0.000010 0.002323 0.997667
0.000010 0.000010 0.999980
0.000716 0.009947 0.989337
0.000010 0.005697 0.994293
0.000010 0.002628 0.997362
0.000010 0.000010 0.999980
0.000010 0.000810 0.999180
0.000010 0.005501 0.994489
0.000010 0.000010 0.999980
0.000010 0.005692 0.994298
0.002542 0.000010 0.997448
0.002469 0.000010 0.997521
0.002107 0.003968 0.993925
0.000010 0.000652 0.999338
0.001657 0.005018 0.993325
0.000011 0.000010 0.999979
0.000010 0.006093 0.993897
0.002515 0.002394 0.995091
0.000010 0.002217 0.997773
0.002215 0.002906 0.994879
0.004988 0.016535 0.978477
0.000010 0.004841 0.995149
0.001641 0.003752 0.994608
0.003061 0.000010 0.996929
0.000010 0.006599 0.993391
0.000010 0.000010 0.999980
0.000010 0.000010 0.999980
0.002668 0.000010 0.997322
0.000010 0.000010 0.999980
0.003759 0.005423 0.990818
0.000407 0.000010 0.999583
0.004527 0.011913 0.983561
0.000061 0.000010 0.999929
0.002377 0.007393 0.990230
0.001854 0.002586 0.995560
0.000010 0.003578 0.996412
0.000010 0.002970 0.997020
0.000010 0.004415 0.995575
0.000010 0.002220 0.997770
0.000010 0.003574 0.996416
0.002733 0.007842 0.989425
0.000010 0.004328 0.995662
0.000010 0.006413 0.993577
0.001099 0.011286 0.987615
0.000010 0.007712 0.992278
0.000010 0.000010 0.999980
0.001168 0.004184 0.994647
0.000010 0.000010 0.999980
0.003218 0.001469 0.995314
0.004572 0.015519 0.979909
0.001942 0.002608 0.995450
0.003948 0.003448 0.992604
0.001276 0.000010 0.998714
0.003998 0.003523 0.992479
0.000010 0.000010 0.999980
0.000010 0.000010 0.999980
0.000010 0.002256 0.997734
0.000012 0.000010 0.999978
0.000010 0.001978 0.998012
0.000010 0.002964 0.997026
0.000010 0.003336 0.996654
0.003015 0.000010 0.996975
0.003512 0.004357 0.992130
0.002223 0.003177 0.994600
0.000010 0.000010 0.999980
0.002442 0.002899 0.994658
0.001714 0.004009 0.994276
0.001800 0.001191 0.997009
0.011860 0.007272 0.980868
0.005883 0.016679 0.977438
0.000010 0.002905 0.997085
0.001210 0.000010 0.998780
0.000010 0.003858 0.996132
0.000010 0.000010 0.999980
0.000015 0.000010 0.999975
0.000109 0.000288 0.999603
0.000010 0.001995 0.997995
0.002379 0.005868 0.991753
0.000010 0.004446 0.995544
0.003148 0.000010 0.996842
0.000010 0.000010 0.999980
0.000010 0.003235 0.996755
0.001920 0.000010 0.998070
0.002653 0.010814 0.986532
0.000936 0.000010 0.999054
0.001575 0.000010 0.998415
0.001424 0.007858 0.990718
0.000011 0.000010 0.999979
0.000015 0.000010 0.999975
0.001641 0.000170 0.998189
0.000010 0.002176 0.997814
0.002966 0.004773 0.992260
0.002114 0.012455 0.985431
0.004686 0.002270 0.993044
0.005462 0.001423 0.993116
0.000010 0.010399 0.989591
0.000270 0.004407 0.995323
0.000175 0.005048 0.994777
0.000010 0.000010 0.999980
0.003177 0.006855 0.989967
0.000010 0.002662 0.997328
0.000010 0.004588 0.995402
0.000010 0.005826 0.994164
0.000010 0.004449 0.995541
0.000010 0.000010 0.999980
0.005357 0.000010 0.994633
0.000257 0.000010 0.999733
0.000016 0.000010 0.999974
0.000010 0.000010 0.999980
0.002633 0.000698 0.996669
0.003846 0.007779 0.988375
0.000011 0.000010 0.999979
0.000734 0.008115 0.991151
0.000883 0.000010 0.999107
0.001045 0.008324 0.990631
0.001095 0.000010 0.998895
0.000126 0.007120 0.992754
0.005228 0.000010 0.994762
0.015549 0.007024 0.977427
0.000517 0.006101 0.993382
0.000010 0.000010 0.999980
0.000897 0.003700 0.995403
0.001733 0.004812 0.993455
0.000010 0.001406 0.998584
0.001746 0.007432 0.990822
0.000010 0.000010 0.999980
0.001726 0.004989 0.993285
0.000010 0.001961 0.998029
0.001700 0.000010 0.998290
0.002557 0.001841 0.995602
0.000014 0.000010 0.999976
0.000014 0.000010 0.999976
0.000010 0.004706 0.995284
0.000129 0.000010 0.999861
0.001048 0.013322 0.985630
0.002979 0.000010 0.997011
0.000010 0.001828 0.998162
0.000096 0.000010 0.999894
0.005422 0.000010 0.994568
0.000010 0.006677 0.993313
0.004515 0.000010 0.995475
0.000010 0.000010 0.999980
0.000010 0.000010 0.999980
0.002186 0.012797 0.985017
0.000010 0.003223 0.996767
0.000010 0.000010 0.999980
0.001708 0.000010 0.998282
0.000010 0.000010 0.999980
0.004259 0.000506 0.995235
0.002440 0.004259 0.993301
0.000413 0.000010 0.999577
0.000010 0.001126 0.998864
0.000869 0.000404 0.998726
0.000010 0.003666 0.996324
0.002003 0.006963 0.991034
0.003930 0.003928 0.992142
0.001978 0.005159 0.992863
0.000010 0.000010 0.999980
0.002245 0.001173 0.996582
0.002999 0.000010 0.996991
0.000010 0.000010 0.999980
0.003873 0.000010 0.996117
0.000010 0.000010 0.999980
0.003526 0.004463 0.992011
0.000642 0.014252 0.985105
0.000014 0.000010 0.999976
0.001370 0.000010 0.998620
0.003792 0.000010 0.996198
0.000010 0.000010 0.999980
0.001229 0.003081 0.995690
0.000010 0.003880 0.996110
0.003762 0.000056 0.996182
0.002640 0.003076 0.994284
0.001728 0.000010 0.998262
0.000010 0.000199 0.999791
0.001692 0.000010 0.998298
0.002010 0.006556 0.991434
0.001959 0.001597 0.996444
0.000010 0.001682 0.998308
0.000010 0.000430 0.999560
0.000010 0.005858 0.994132
0.002296 0.001293 0.996411
0.000010 0.005045 0.994945
0.000010 0.000010 0.999980
0.002058 0.003382 0.994560
0.008961 0.009785 0.981254
0.002970 0.000010 0.997020
0.000010 0.000243 0.999747
0.000010 0.000010 0.999980
0.000010 0.000010 0.999980
0.000011 0.000010 0.999979
0.000010 0.004326 0.995664
0.000010 0.000407 0.999583
0.000011 0.000010 0.999979
0.002849 0.000010 0.997141
0.028691 0.000010 0.971299
0.000010 0.000947 0.999043
0.000010 0.000010 0.999980
0.002336 0.003516 0.994147
0.003684 0.005634 0.990682
0.003948 0.002135 0.993917
0.000010 0.000010 0.999980
0.000894 0.003156 0.995950
0.005812 0.006180 0.988008
0.003750 0.105570 0.890680
0.002969 0.000010 0.997021
0.002015 0.000353 0.997632
0.000010 0.000279 0.999711
0.000920 0.003827 0.995253
0.003953 0.000010 0.996037
0.005611 0.000010 0.994379
0.000515 0.000010 0.999475
0.003847 0.008723 0.987429
0.000012 0.000010 0.999978
0.003428 0.007707 0.988864
0.003976 0.000010 0.996014
0.002029 0.000010 0.997961
0.000011 0.000010 0.999979
0.000010 0.128996 0.870994
0.002826 0.006025 0.991149
0.004318 0.003102 0.992580
0.000010 0.010650 0.989340
0.002328 0.000010 0.997662
0.000010 0.000010 0.999980
0.001619 0.002993 0.995388
0.002042 0.000010 0.997948
0.000010 0.001962 0.998028
0.002274 0.000010 0.997716
0.000010 0.001714 0.998276
0.002695 0.001813 0.995492
0.003529 0.000010 0.996461
0.000012 0.000010 0.999978
0.001749 0.010887 0.987364
0.002634 0.000010 0.997356
0.005152 0.000010 0.994838
0.000043 0.000010 0.999947
0.000071 0.003290 0.996639
0.002606 0.000544 0.996850
0.000010 0.000010 0.999980
0.000217 0.004978 0.994805
0.001601 0.000010 0.998389
0.008671 0.002371 0.988958
0.004622 0.006591 0.988786
0.000110 0.006065 0.993825
0.000999 0.000010 0.998991
0.002184 0.008758 0.989058
0.000010 0.000010 0.999980
0.001911 0.000010 0.998079
0.005179 0.004293 0.990529
0.000505 0.009661 0.989834
0.000010 0.012774 0.987216
0.001554 0.004585 0.993861
0.002915 0.005192 0.991893
0.000888 0.006352 0.992760
0.001617 0.007798 0.990585
0.000010 0.003672 0.996318
0.002964 0.000010 0.997026
0.000973 0.000010 0.999017
0.002742 0.000010 0.997248
0.001884 0.000010 0.998106
0.003224 0.010218 0.986558
0.006689 0.006910 0.986401
0.000010 0.004572 0.995418
0.001212 0.003175 0.995613
0.000752 0.003678 0.995570
0.000014 0.000010 0.999976
0.000010 0.000010 0.999980
0.000010 0.005773 0.994217
0.002301 0.002379 0.995320
0.007493 0.002088 0.990419
0.004651 0.000010 0.995339
0.001772 0.002962 0.995266
0.000010 0.001319 0.998671
0.001595 0.000010 0.998395
0.004129 0.002256 0.993615
0.004346 0.006100 0.989555
0.002744 0.000010 0.997246
0.000010 0.003341 0.996649
0.003615 0.000010 0.996375
0.000010 0.009783 0.990207
0.003007 0.000010 0.996983
0.003810 0.004785 0.991405
0.000760 0.003768 0.995472
0.000731 0.008948 0.990321
0.000010 0.004344 0.995646
0.001283 0.002476 0.996242
0.001880 0.005322 0.992799
0.002759 0.000010 0.997231
0.000010 0.005174 0.994816
0.000010 0.009476 0.990514
0.000010 0.000010 0.999980
0.000010 0.012048 0.987942
0.000597 0.002425 0.996978
0.002556 0.008190 0.989254
0.000010 0.005925 0.994065
0.000914 0.008071 0.991015
0.002060 0.006331 0.991609
0.003150 0.000010 0.996840
0.001779 0.002100 0.996121
0.000012 0.000010 0.999978
0.003330 0.006222 0.990448
0.001113 0.007754 0.991133
0.002919 0.001101 0.995980
0.000010 0.003569 0.996421
0.000010 0.000010 0.999980
0.002657 0.015522 0.981821
0.000011 0.000010 0.999979
0.003691 0.003136 0.993173
0.001361 0.000010 0.998629
0.001907 0.000010 0.998083
0.004997 0.000010 0.994993
0.001900 0.002624 0.995476
0.000010 0.004659 0.995331
0.003176 0.013864 0.982960
0.000010 0.002942 0.997048
0.004247 0.001272 0.994481
0.000011 0.000010 0.999979
0.003266 0.000010 0.996724
0.005103 0.007816 0.987081
0.001077 0.000010 0.998913
0.000010 0.007657 0.992333
0.009524 0.005372 0.985105
0.005490 0.000010 0.994500
0.001360 0.000010 0.998630
0.000010 0.003080 0.996910
0.000010 0.007331 0.992659
0.000010 0.002083 0.997907
0.000328 0.008662 0.991010
0.000015 0.000010 0.999975
0.000010 0.006425 0.993565
0.001970 0.005386 0.992644
0.001940 0.003391 0.994669
0.000974 0.004792 0.994235
0.002876 0.000010 0.997114
0.003954 0.002427 0.993619
0.000010 0.000875 0.999115
0.000010 0.000010 0.999980
0.000010 0.007148 0.992842
0.002800 0.002749 0.994451
0.002420 0.000010 0.997570
0.002835 0.004675 0.992490
0.003187 0.002781 0.994031
0.000316 0.001186 0.998498
0.000010 0.000010 0.999980
0.006548 0.000010 0.993442
0.004463 0.000010 0.995527
0.007110 0.000010 0.992880
0.003327 0.002331 0.994342
0.003346 0.001960 0.994694
0.000737 0.000010 0.999253
0.001773 0.001191 0.997036
0.003817 0.002837 0.993346
0.000010 0.000010 0.999980
0.004367 0.000010 0.995623
0.003596 0.000010 0.996394
0.000010 0.002772 0.997218
0.000330 0.004806 0.994865
0.001672 0.003806 0.994521
0.001306 0.004303 0.994391
0.000019 0.000010 0.999971
0.000981 0.001705 0.997315
0.001490 0.000010 0.998500
0.000010 0.000010 0.999980
0.003549 0.000439 0.996012
0.002700 0.007415 0.989885
0.006510 0.000010 0.993480
0.000010 0.002593 0.997397
0.000010 0.004420 0.995570
0.008481 0.004009 0.987511
0.000010 0.002876 0.997114
0.003937 0.005763 0.990300
0.000010 0.004057 0.995933
0.000010 0.000010 0.999980
0.002114 0.009215 0.988672
0.000010 0.000010 0.999980
0.001540 0.008416 0.990044
0.002546 0.000201 0.997252
0.000010 0.000010 0.999980
0.005765 0.000010 0.994225
0.004993 0.005459 0.989548
0.000010 0.000010 0.999980
0.000010 0.006925 0.993065
0.000370 0.000010 0.999620
0.002297 0.000594 0.997109
0.004445 0.000010 0.995545
0.003855 0.002625 0.993520
0.000010 0.000010 0.999980
0.000010 0.001906 0.998084
0.000320 0.000010 0.999670
0.001897 0.004970 0.993133
0.000014 0.000010 0.999976
0.000015 0.000010 0.999975
0.001861 0.000010 0.998129
0.003101 0.000010 0.996889
0.005398 0.002673 0.991930
0.001317 0.000010 0.998673
0.003312 0.002956 0.993733
0.003019 0.000031 0.996950
0.006174 0.007906 0.985920
0.002408 0.003567 0.994025
0.005737 0.000010 0.994253
0.004341 0.167227 0.828432
0.002028 0.000010 0.997962
0.002995 0.003578 0.993427
0.000010 0.000010 0.999980
0.002271 0.005973 0.991755
0.000010 0.002395 0.997595
0.005427 0.006031 0.988542
0.003159 0.006504 0.990337
0.004679 0.000010 0.995311
0.000011 0.000010 0.999979
0.002757 0.000010 0.997233
0.003485 0.007738 0.988777
0.000010 0.006866 0.993124
0.003055 0.000010 0.996935
0.002524 0.000010 0.997466
0.000055 0.000010 0.999935
0.000010 0.004298 0.995692
0.000284 0.000010 0.999706
0.003532 0.001137 0.995332
0.002092 0.002383 0.995525
0.003639 0.005101 0.991260
0.001701 0.000010 0.998289
0.001544 0.000010 0.998446
0.002104 0.005178 0.992717
0.003305 0.010236 0.986459
0.004443 0.000624 0.994933
0.001244 0.000182 0.998574
0.001600 0.001838 0.996562
0.004110 0.009053 0.986837
0.005560 0.004178 0.990262
0.000010 0.006529 0.993461
0.004525 0.000010 0.995465
0.001847 0.006656 0.991497
0.000010 0.002519 0.997471
0.000010 0.000010 0.999980
0.000015 0.000010 0.999975
0.000010 0.001278 0.998712
0.000011 0.000010 0.999979
0.006727 0.010236 0.983037
0.000010 0.003371 0.996619
0.000010 0.003382 0.996608
0.001247 0.005714 0.993039
0.001042 0.002853 0.996105
0.000010 0.006856 0.993134
0.004237 0.000010 0.995753
0.005261 0.000010 0.994729
0.000010 0.006802 0.993188
0.002687 0.002533 0.994780
0.004227 0.003669 0.992104
0.003431 0.002295 0.994274
0.000012 0.000010 0.999978
0.008747 0.010432 0.980821
0.005528 0.010590 0.983881
0.000128 0.003113 0.996759
0.000010 0.000010 0.999980
0.002152 0.007636 0.990213
0.000010 0.001176 0.998814
0.000855 0.003319 0.995826
0.000713 0.000010 0.999277
0.002624 0.000215 0.997161
0.004665 0.002096 0.993239
0.002754 0.003037 0.994208
0.002184 0.000542 0.997274
0.000010 0.003517 0.996473
0.001881 0.000010 0.998109
0.001411 0.004827 0.993762
0.001868 0.006255 0.991878
0.000010 0.000010 0.999980
0.003574 0.004420 0.992005
0.002298 0.000010 0.997692
0.001885 0.002679 0.995435
0.000010 0.009002 0.990988
0.003088 0.001698 0.995213
0.000010 0.000897 0.999093
0.000010 0.000010 0.999980
0.000010 0.000010 0.999980
0.000010 0.002174 0.997816
0.000010 0.004643 0.995347
0.004257 0.006239 0.989504
0.003261 0.002201 0.994538
0.000455 0.001115 0.998430
0.000786 0.003652 0.995561
0.002254 0.000010 0.997736
0.003035 0.005173 0.991792
0.000010 0.000010 0.999980
0.003475 0.001552 0.994974
0.003608 0.001927 0.994465
0.000013 0.000010 0.999977
0.001302 0.000010 0.998688
0.004817 0.000744 0.994439
0.000504 0.000010 0.999486
0.004284 0.000010 0.995706
0.000010 0.005410 0.994580
0.001522 0.007557 0.990921
0.004144 0.000010 0.995846
0.000899 0.012675 0.986426
0.002055 0.002521 0.995424
0.002892 0.004236 0.992871
0.002759 0.000010 0.997231
0.000010 0.003973 0.996017
0.004312 0.000351 0.995338
0.000010 0.000010 0.999980
0.001216 0.000010 0.998774
0.000010 0.005200 0.994790
0.003795 0.005078 0.991128
0.005322 0.005776 0.988901
0.003894 0.000010 0.996096
0.002810 0.000010 0.997180
0.007088 0.005380 0.987532
0.004646 0.002871 0.992483
0.000684 0.004975 0.994342
0.000010 0.004786 0.995204
0.005488 0.000010 0.994502
0.003242 0.000010 0.996748
0.001501 0.001846 0.996654
0.003730 0.004972 0.991297
0.004087 0.002894 0.993019
0.005705 0.001661 0.992634
0.001993 0.000010 0.997997
0.000337 0.001596 0.998068
0.000979 0.008066 0.990955
0.001341 0.000010 0.998649
0.000010 0.000010 0.999980
0.001194 0.008795 0.990011
0.002868 0.000010 0.997122
0.007546 0.012759 0.979695
0.002436 0.005655 0.991909
0.000016 0.000010 0.999974
0.001521 0.000010 0.998469
0.001032 0.000010 0.998958
0.001476 0.005080 0.993443
0.000010 0.000010 0.999980
0.005333 0.009497 0.985170
0.000010 0.015451 0.984539
0.000609 0.003509 0.995882
0.000771 0.005949 0.993280
0.000010 0.003270 0.996720
0.000014 0.000010 0.999976
0.003853 0.001217 0.994930
0.003390 0.000010 0.996600
0.000012 0.000010 0.999978
0.000015 0.000010 0.999975
0.000010 0.003619 0.996371
0.003215 0.000664 0.996121
0.003987 0.000852 0.995161
0.003338 0.007869 0.988792
0.003220 0.000010 0.996770
0.000010 0.000010 0.999980
0.004433 0.000010 0.995557
0.003273 0.000010 0.996717
0.002060 0.003840 0.994100
0.002579 0.000010 0.997411
0.002916 0.004968 0.992116
0.000011 0.000010 0.999979
0.001363 0.004535 0.994102
0.000010 0.003456 0.996534
0.000010 0.000010 0.999980
0.003621 0.001700 0.994679
0.002441 0.002342 0.995218
0.004703 0.000010 0.995287
0.000010 0.000918 0.999072
0.000010 0.000010 0.999980
0.001297 0.000010 0.998693
0.003187 0.006462 0.990351
0.002429 0.000010 0.997561
0.007916 0.000010 0.992074
0.008418 0.010234 0.981348
0.002724 0.000010 0.997266
0.003544 0.004970 0.991486
0.002193 0.000010 0.997797
0.002617 0.000010 0.997373
0.002980 0.002684 0.994337
0.003737 0.001330 0.994932
0.002094 0.001168 0.996738
0.000081 0.000010 0.999909
0.003972 0.003131 0.992898
0.000010 0.000010 0.999980
0.001960 0.000010 0.998030
0.006817 0.000010 0.993173
0.003928 0.003485 0.992586
0.000010 0.003816 0.996174
0.000010 0.003607 0.996383
0.003595 0.000581 0.995823
0.002945 0.008283 0.988771
0.001835 0.011771 0.986393
0.000925 0.000010 0.999065
0.005235 0.001144 0.993621
0.004740 0.012404 0.982855
0.004764 0.007226 0.988009
0.000010 0.003663 0.996327
0.000010 0.007505 0.992485
0.001097 0.007262 0.991640
0.005877 0.004601 0.989522
0.004260 0.001785 0.993955
0.003247 0.008105 0.988648
0.000010 0.005729 0.994261
0.005709 0.000010 0.994281
0.001250 0.006883 0.991867
0.000010 0.003601 0.996389
0.004418 0.002274 0.993308
0.001041 0.000010 0.998949
0.000010 0.000010 0.999980
0.002072 0.000010 0.997918
0.000230 0.006952 0.992818
0.003998 0.013794 0.982208
0.002262 0.006436 0.991302
0.003404 0.005767 0.990828
0.004413 0.002050 0.993536
0.003694 0.004687 0.991619
0.003732 0.002418 0.993850
0.002594 0.000010 0.997396
0.000010 0.003792 0.996198
0.000015 0.000010 0.999975
0.003773 0.000010 0.996217
0.000010 0.001622 0.998368
0.000010 0.000010 0.999980
0.000010 0.002673 0.997317
0.000010 0.000010 0.999980
0.000010 0.005351 0.994639
0.000010 0.000010 0.999980
0.000010 0.001077 0.998913
0.000010 0.000010 0.999980
0.000010 0.005120 0.994870
0.000010 0.000010 0.999980
0.000010 0.000010 0.999980
0.000010 0.003502 0.996488
0.000010 0.000010 0.999980
0.000010 0.001165 0.998825
0.000010 0.000625 0.999365
0.000010 0.005808 0.994182
0.000010 0.001955 0.998035
0.000010 0.005221 0.994769
0.000688 0.005366 0.993946
0.000010 0.003908 0.996082
0.000010 0.002361 0.997629
0.000010 0.003313 0.996677
0.000816 0.003386 0.995798
0.000010 0.000010 0.999980
0.000010 0.000010 0.999980
0.000010 0.005140 0.994850
0.000010 0.000346 0.999644
0.000010 0.008196 0.991794
0.000416 0.000010 0.999574
0.000010 0.000010 0.999980
0.002108 0.000010 0.997882
0.000010 0.000010 0.999980
0.000546 0.000010 0.999444
0.004277 0.002790 0.992934
0.000010 0.000010 0.999980
0.002123 0.000502 0.997375
0.000047 0.000010 0.999943
0.000010 0.001461 0.998529
0.000010 0.002508 0.997482
0.001070 0.003934 0.994996
0.000010 0.000010 0.999980
0.001670 0.001011 0.997319
0.000010 0.000010 0.999980
0.000423 0.000010 0.999567
0.000010 0.000010 0.999980
0.000010 0.000010 0.999980
0.001563 0.004297 0.994140
0.000010 0.002852 0.997138
0.000010 0.000010 0.999980
0.000295 0.001673 0.998032
0.000010 0.006378 0.993612
0.000010 0.000735 0.999255
0.001015 0.002003 0.996982
0.000011 0.000010 0.999979
0.000010 0.005146 0.994844
0.003092 0.001126 0.995782
0.002139 0.002287 0.995575
0.000805 0.003454 0.995741
0.001131 0.002755 0.996113
0.000010 0.000467 0.999523
0.000010 0.112061 0.887929
0.000010 0.088385 0.911605
0.000010 0.068703 0.931287
0.000010 0.105878 0.894112
0.000010 0.112697 0.887293
0.000010 0.090574 0.909416
0.000010 0.096236 0.903754
0.000010 0.097193 0.902797
0.004304 0.088185 0.907511
0.000010 0.102203 0.897787
0.000010 0.098089 0.901901
0.000010 0.106886 0.893104
0.000010 0.095458 0.904532
0.000010 0.118453 0.881537
0.000010 0.080845 0.919145
0.000010 0.091668 0.908322
0.000010 0.074884 0.925106
0.000010 0.004865 0.995125
0.002678 0.032241 0.965081
0.000010 0.002075 0.997915
0.000010 0.000010 0.999980
0.000010 0.000010 0.999980
0.000891 0.000010 0.999099
0.000010 0.000010 0.999980
0.000010 0.000010 0.999980
0.000848 0.000010 0.999142
0.000669 0.000010 0.999321
0.000975 0.000664 0.998361
0.000898 0.000010 0.999092
0.000010 0.001816 0.998174
0.000010 0.001946 0.998044
0.000153 0.005008 0.994838
0.001626 0.031458 0.966917
0.000010 0.000845 0.999145
0.000010 0.000530 0.999460
0.000010 0.000177 0.999813
0.000010 0.000010 0.999980
0.001601 0.001023 0.997376
0.003503 0.000010 0.996487
0.000010 0.000010 0.999980
0.000010 0.000476 0.999514
0.000635 0.001650 0.997715
0.000037 0.000010 0.999953
0.000010 0.000258 0.999732
0.000010 0.002747 0.997243
0.000010 0.000010 0.999980
0.000010 0.000010 0.999980
0.000985 0.003718 0.995297
0.000017 0.000010 0.999973
0.000010 0.087586 0.912404
0.000010 0.100735 0.899255
0.000010 0.076760 0.923230
0.000010 0.094130 0.905860
0.000010 0.082584 0.917406
0.000010 0.117031 0.882959
0.000010 0.120164 0.879826
0.000010 0.087169 0.912821
0.000010 0.079480 0.920510
0.000010 0.073591 0.926399
0.000010 0.092978 0.907012
0.000010 0.061113 0.938877
0.000010 0.093788 0.906202
0.000010 0.091120 0.908870
0.000010 0.091496 0.908494
0.000010 0.100005 0.899985
0.000010 0.088844 0.911146
0.000010 0.103598 0.896392
0.000010 0.090234 0.909756
0.000010 0.102442 0.897548
0.000010 0.074141 0.925849
0.000010 0.099670 0.900320
0.000010 0.084483 0.915507
0.000010 0.072511 0.927479
0.000010 0.098397 0.901593
0.000010 0.091820 0.908170
0.000010 0.073824 0.926166
0.000010 0.058891 0.941099
0.000010 0.071357 0.928633
0.000010 0.101813 0.898177
0.000010 0.096093 0.903897
0.000010 0.071030 0.928960
0.000010 0.085076 0.914914
0.000010 0.086319 0.913671
0.000010 0.101724 0.898266
0.000010 0.101667 0.898323
0.000010 0.100314 0.899676
0.000010 0.113103 0.886887
0.000010 0.096312 0.903678
0.000010 0.095138 0.904852
0.000010 0.086819 0.913171
0.000010 0.074310 0.925680
0.000010 0.092751 0.907239
0.000010 0.090738 0.909252
0.000010 0.085624 0.914366
0.000010 0.073336 0.926654
0.000010 0.079520 0.920470
0.000010 0.096120 0.903870
0.000010 0.074773 0.925217
0.000010 0.083645 0.916345
0.000010 0.090122 0.909868
0.008000 0.077364 0.914636
0.000010 0.102224 0.897766
0.000010 0.093199 0.906791
0.000010 0.048173 0.951817
0.000010 0.092125 0.907865
0.000010 0.081730 0.918260
0.000010 0.097278 0.902712
0.000010 0.043443 0.956547
0.000010 0.088380 0.911610
0.000010 0.101569 0.898421
0.000010 0.074094 0.925896
0.000010 0.086616 0.913374
0.000010 0.079614 0.920376
0.000010 0.115347 0.884643
0.000010 0.078913 0.921077
0.000010 0.083921 0.916069
0.000010 0.105398 0.894592
0.000010 0.078728 0.921262
0.000010 0.085676 0.914314
0.000010 0.105065 0.894925
0.000010 0.085956 0.914034
0.000010 0.097689 0.902301
0.000010 0.109763 0.890227
0.000010 0.096639 0.903351
0.000010 0.090711 0.909279
0.000010 0.088163 0.911827
0.000010 0.113097 0.886893
0.000010 0.094975 0.905015
0.000010 0.070703 0.929287
0.004994 0.154326 0.840680
0.000010 0.092978 0.907012
0.000010 0.077536 0.922454
0.000010 0.050544 0.949446
0.000010 0.080768 0.919222
0.000010 0.099675 0.900315
0.000010 0.099854 0.900136
0.000010 0.086840 0.913150
0.000010 0.999980 0.000010
0.000010 0.999980 0.000010
0.000010 0.999980 0.000010
0.000010 0.999980 0.000010
0.000010 0.999980 0.000010
0.000010 0.999980 0.000010
0.000010 0.999980 0.000010
0.000010 0.999980 0.000010
0.000010 0.999980 0.000010
0.000010 0.999980 0.000010
0.000010 0.999980 0.000010
0.000010 0.999980 0.000010
0.000010 0.999980 0.000010
0.000010 0.999980 0.000010
0.000010 0.999980 0.000010
0.000010 0.999980 0.000010
0.000010 0.999980 0.000010
0.000010 0.999980 0.000010
0.000010 0.999980 0.000010
0.000010 0.999980 0.000010
0.000010 0.999980 0.000010
0.000010 0.999980 0.000010
0.000010 0.999980 0.000010
0.000010 0.999980 0.000010
0.000010 0.999980 0.000010
0.000010 0.999980 0.000010
0.000010 0.999980 0.000010
0.000010 0.999980 0.000010
0.000010 0.999980 0.000010
0.000010 0.999980 0.000010
0.000010 0.999980 0.000010
0.000010 0.999980 0.000010
0.000010 0.999980 0.000010
0.000010 0.999980 0.000010
0.000010 0.999980 0.000010
0.000010 0.999980 0.000010
0.000010 0.999980 0.000010
0.000010 0.999980 0.000010
0.000010 0.999980 0.000010
0.000010 0.999980 0.000010
0.000010 0.996391 0.003599
0.000010 0.999980 0.000010
0.094625 0.154776 0.750599
0.185150 0.195930 0.618920
0.088473 0.126121 0.785407
0.000010 0.999980 0.000010
0.000010 0.999980 0.000010
0.000010 0.999980 0.000010
0.000010 0.999980 0.000010
0.000010 0.999980 0.000010
0.000010 0.999980 0.000010
0.000010 0.999980 0.000010
0.000010 0.999980 0.000010
0.000010 0.999980 0.000010
0.000010 0.999980 0.000010
0.000010 0.999980 0.000010
0.000010 0.999980 0.000010
0.000010 0.996602 0.003388
0.000010 0.999980 0.000010
0.000010 0.999980 0.000010
0.000010 0.999980 0.000010
0.000010 0.999980 0.000010
0.000010 0.999980 0.000010
0.000010 0.999980 0.000010
0.000010 0.999980 0.000010
0.000010 0.999980 0.000010
0.000010 0.999980 0.000010
0.000010 0.999980 0.000010
0.000010 0.999980 0.000010
0.000010 0.999980 0.000010
0.000010 0.999980 0.000010
0.000012 0.999978 0.000010
0.000010 0.999980 0.000010
0.000010 0.999980 0.000010
0.000010 0.999980 0.000010
0.000010 0.999980 0.000010
0.000010 0.999980 0.000010
0.000010 0.999980 0.000010
0.000010 0.999980 0.000010
0.000010 0.999980 0.000010
0.161312 0.146747 0.691941
0.172540 0.156337 0.671124
0.076498 0.128609 0.794892
0.091874 0.168658 0.739468
0.000010 0.999980 0.000010
0.000010 0.999980 0.000010
0.000010 0.999980 0.000010
0.000010 0.999980 0.000010
0.000010 0.999980 0.000010
0.000010 0.999980 0.000010
0.000010 0.999980 0.000010
0.000010 0.999980 0.000010
0.000010 0.999980 0.000010
0.000010 0.999980 0.000010
0.000010 0.999980 0.000010
0.000010 0.999980 0.000010
0.000010 0.999980 0.000010
0.000010 0.999980 0.000010
0.000010 0.999980 0.000010
0.000010 0.999980 0.000010
0.000010 0.999980 0.000010
0.000010 0.999980 0.000010
0.000010 0.999980 0.000010
0.000010 0.999980 0.000010
0.000010 0.999980 0.000010
0.000010 0.999980 0.000010
0.000010 0.999980 0.000010
0.000010 0.999980 0.000010
0.000010 0.999980 0.000010
0.000010 0.999980 0.000010
0.000010 0.999980 0.000010
0.000010 0.999980 0.000010
0.040872 0.100538 0.858589
0.068309 0.152671 0.779020
0.111748 0.198618 0.689634
0.069702 0.119846 0.810452
0.090732 0.120734 0.788534
0.058336 0.073889 0.867775
0.128881 0.151442 0.719677
0.069822 0.063410 0.866768
0.094105 0.219051 0.686844
0.000010 0.999980 0.000010
0.000010 0.999980 0.000010
0.000010 0.999980 0.000010
0.000010 0.999980 0.000010
0.000010 0.999980 0.000010
0.000010 0.999980 0.000010
0.000010 0.999980 0.000010
0.000010 0.999980 0.000010
0.000010 0.999980 0.000010
0.000010 0.999980 0.000010
0.000010 0.999980 0.000010
0.000010 0.999980 0.000010
0.000010 0.999980 0.000010
0.000010 0.999980 0.000010
0.000010 0.999980 0.000010
0.095006 0.105654 0.799340
0.120640 0.150480 0.728880
0.231803 0.144461 0.623736
0.213423 0.189653 0.596923
0.216126 0.179559 0.604314
0.073713 0.172535 0.753752
0.138839 0.121353 0.739808
0.126708 0.157097 0.716194
0.101525 0.119285 0.779190
0.085189 0.146632 0.768179
0.348483 0.126272 0.525245
0.180285 0.119638 0.700077
0.081595 0.142291 0.776114
0.090197 0.142698 0.767105
0.094328 0.168052 0.737620
0.066266 0.163854 0.769880
0.090002 0.149291 0.760707
0.091925 0.158517 0.749557
0.115851 0.071339 0.812811
0.192877 0.175137 0.631987
0.174540 0.143555 0.681906
0.089490 0.201038 0.709472
0.204368 0.163602 0.632030
0.104789 0.167114 0.728097
0.131599 0.130749 0.737652
0.135273 0.189612 0.675115
0.191492 0.120616 0.687892
0.155837 0.146167 0.697997
0.255560 0.124181 0.620259
0.142059 0.135091 0.722851
0.128164 0.136503 0.735332
0.100296 0.157779 0.741924
0.105842 0.149840 0.744317
0.156614 0.173370 0.670016
0.178354 0.135771 0.685874
0.092398 0.144796 0.762806
0.090333 0.090330 0.819337
0.228553 0.124430 0.647017
0.634340 0.073340 0.292321
0.135782 0.148744 0.715475
0.123183 0.156251 0.720566
0.031132 0.085053 0.883815
0.019386 0.275605 0.705009
0.035473 0.131585 0.832942
0.051157 0.272857 0.675986
0.076310 0.210529 0.713162
0.137272 0.272004 0.590724
0.100004 0.256828 0.643168
0.065037 0.234232 0.700731
0.063631 0.247797 0.688572
0.033889 0.165397 0.800714
0.125316 0.217012 0.657673
0.091229 0.265935 0.642836
0.030719 0.326214 0.643067
0.176169 0.280532 0.543299
0.049550 0.270250 0.680199
0.172139 0.330234 0.497627
0.059783 0.246273 0.693944
0.098566 0.402536 0.498899
0.182469 0.165587 0.651945
0.107740 0.155923 0.736337
0.112718 0.120063 0.767218
0.231498 0.151006 0.617496
0.045624 0.081329 0.873048
0.124535 0.163774 0.711691
0.192979 0.146049 0.660971
0.087232 0.077398 0.835369
0.074076 0.139639 0.786285
0.103224 0.168730 0.728046
0.083086 0.197108 0.719807
0.141741 0.162513 0.695746
0.127205 0.167334 0.705461
0.182432 0.242918 0.574650
0.215076 0.215812 0.569113
0.164077 0.220766 0.615158
0.103185 0.198174 0.698640
0.074294 0.152768 0.772938
0.191129 0.155417 0.653454
0.057349 0.097284 0.845367
0.117326 0.144645 0.738029
0.125171 0.130822 0.744008
0.678886 0.073521 0.247593
0.504842 0.065328 0.429830
0.208118 0.166648 0.625235
0.124078 0.122945 0.752977
0.080529 0.294599 0.624872
0.030089 0.247605 0.722306
0.055277 0.219811 0.724912
0.168507 0.285431 0.546062
0.022360 0.175156 0.802484
0.025227 0.273150 0.701623
0.038539 0.135014 0.826446
0.129090 0.287576 0.583334
0.076744 0.247734 0.675522
0.078642 0.243793 0.677565
0.171100 0.291039 0.537861
0.021622 0.045629 0.932749
0.018237 0.327141 0.654623
0.024657 0.251775 0.723568
0.034337 0.239805 0.725858
0.072150 0.216101 0.711749
0.231994 0.136364 0.631642
0.121913 0.188846 0.689241
0.119053 0.184974 0.695974
0.157103 0.167610 0.675287
0.229635 0.149703 0.620662
0.102217 0.098945 0.798838
0.131838 0.132056 0.736106
0.118159 0.159616 0.722226
0.144287 0.104857 0.750856
0.114286 0.174945 0.710769
0.000010 0.002045 0.997945
0.013501 0.515985 0.470514
0.340255 0.219606 0.440138
0.032006 0.367669 0.600325
0.058545 0.225347 0.716108
0.040066 0.352789 0.607146
0.074700 0.348597 0.576704
0.018934 0.272706 0.708360
0.035917 0.190043 0.774040
0.026323 0.163116 0.810561
0.058621 0.282822 0.658557
0.021057 0.277420 0.701523
0.047981 0.247355 0.704664
0.072754 0.229874 0.697372
0.124574 0.222528 0.652898
0.163669 0.289271 0.547059
0.136856 0.266367 0.596777
0.109269 0.253729 0.637003
0.114353 0.447066 0.438581
0.041938 0.290296 0.667765
0.026723 0.245991 0.727286
0.137000 0.282515 0.580485
0.099796 0.287051 0.613153
0.045765 0.345591 0.608644
0.036633 0.230512 0.732855
0.065806 0.227907 0.706287
0.061174 0.155862 0.782964
0.271606 0.272447 0.455946
0.166216 0.182340 0.651444
0.214213 0.142708 0.643079
0.087732 0.120355 0.791913
0.173212 0.195262 0.631526
0.167863 0.154347 0.677790
0.166642 0.183765 0.649593
0.175319 0.171379 0.653301
0.108555 0.123235 0.768210
0.094492 0.213022 0.692486
0.138455 0.185889 0.675657
0.142581 0.170639 0.686780
0.109963 0.252048 0.637989
0.038985 0.231167 0.729848
0.044557 0.446514 0.508929
0.020109 0.134232 0.845659
0.028803 0.065180 0.906017
0.173060 0.219286 0.607654
0.022850 0.383337 0.593814
0.044683 0.486752 0.468566
0.100421 0.266647 0.632932
0.074051 0.244453 0.681495
0.039119 0.356773 0.604108
0.054070 0.357660 0.588270
0.039579 0.361281 0.599141
0.168038 0.354268 0.477694
0.273409 0.304554 0.422037
0.183099 0.306400 0.510501
0.026651 0.188598 0.784751
0.028160 0.172986 0.798855
0.043610 0.312993 0.643397
0.023451 0.154521 0.822028
0.037047 0.124313 0.838640
0.344448 0.248261 0.407291
0.038504 0.326684 0.634812
0.157334 0.156477 0.686190
0.028063 0.140082 0.831855
0.022565 0.167890 0.809546
0.033031 0.209654 0.757315
0.094529 0.378845 0.526626
0.115042 0.357540 0.527417
0.048045 0.327278 0.624676
0.052975 0.325201 0.621825
0.038064 0.005423 0.956512
0.042600 0.002524 0.954876
0.020349 0.006658 0.972992
0.028445 0.004680 0.966876
0.032765 0.001404 0.965831
0.027433 0.000010 0.972557
0.039543 0.000013 0.960443
0.025645 0.000010 0.974345
0.017698 0.000010 0.982292
0.019500 0.000010 0.980490
0.003069 0.000010 0.996921
0.007499 0.000010 0.992491
0.006054 0.000010 0.993936
0.004804 0.000010 0.995186
0.002471 0.000010 0.997519
0.001523 0.000010 0.998467
0.030262 0.000200 0.969538
0.034564 0.000978 0.964458
0.053666 0.004221 0.942114
0.041383 0.000010 0.958607
0.036493 0.002690 0.960817
0.036974 0.002641 0.960385
0.025839 0.001258 0.972903
0.018768 0.000010 0.981222
0.064357 0.217909 0.717733
0.369436 0.229941 0.400623
0.217478 0.301936 0.480586
0.006043 0.598679 0.395278
0.018875 0.427291 0.553833
0.005501 0.576454 0.418045
0.000010 0.797734 0.202256
0.062317 0.394150 0.543533
0.013596 0.530646 0.455759
0.008288 0.294533 0.697179
0.007905 0.286432 0.705663
0.009021 0.279096 0.711884
0.006212 0.241856 0.751932
0.000010 0.999980 0.000010
0.000010 0.990075 0.009915
0.000010 0.999980 0.000010
0.000010 0.999980 0.000010
0.000010 0.999980 0.000010
0.000010 0.999980 0.000010
0.034043 0.008510 0.957447
0.034838 0.002520 0.962642
0.018518 0.004527 0.976955
0.019990 0.000010 0.980000
0.025429 0.001384 0.973187
0.034243 0.000010 0.965747
0.037376 0.000010 0.962614
0.041191 0.000741 0.958068
0.019643 0.003404 0.976953
0.019211 0.001576 0.979213
0.028580 0.009028 0.962393
0.019933 0.027279 0.952788
0.026333 0.001587 0.972080
0.035101 0.001555 0.963343
0.035618 0.000456 0.963926
0.035751 0.007811 0.956438
0.020834 0.009484 0.969682
0.039297 0.009711 0.950992
0.088102 0.002742 0.909156
0.064906 0.003078 0.932016
0.014342 0.000010 0.985648
0.026778 0.002430 0.970791
0.045047 0.007489 0.947464
0.066807 0.000010 0.933183
0.020429 0.001322 0.978249
0.017180 0.004381 0.978440
0.017478 0.000010 0.982512
0.013774 0.000985 0.985241
0.016139 0.000010 0.983851
0.021131 0.001765 0.977103
