0.988208 0.004283 0.000010 0.001483 0.006017
0.987791 0.003451 0.000010 0.008738 0.000010
0.985531 0.003107 0.000010 0.011343 0.000010
0.982782 0.003957 0.000010 0.013241 0.000010
0.987529 0.005734 0.000639 0.003391 0.002707
0.991029 0.000010 0.000010 0.008941 0.000010
0.995082 0.000010 0.000010 0.004888 0.000010
0.984780 0.000010 0.000010 0.015190 0.000010
0.990760 0.004505 0.000010 0.004715 0.000010
0.985726 0.003139 0.000010 0.008125 0.003000
0.991871 0.001510 0.000019 0.006591 0.000010
0.990856 0.000010 0.001329 0.007795 0.000010
0.986135 0.004069 0.000010 0.009497 0.000290
0.984654 0.005783 0.000010 0.006926 0.002627
0.984474 0.006459 0.001531 0.006387 0.001150
0.994380 0.002072 0.000010 0.003528 0.000010
0.986569 0.004456 0.000020 0.008946 0.000010
0.988968 0.001783 0.000010 0.009229 0.000010
0.982783 0.001958 0.000010 0.013973 0.001277
0.993540 0.000010 0.002295 0.004145 0.000010
0.989689 0.000010 0.000010 0.010281 0.000010
0.987391 0.004386 0.001155 0.007058 0.000010
0.986852 0.002559 0.000010 0.010570 0.000010
0.990968 0.000010 0.000010 0.007999 0.001013
0.987002 0.003087 0.000010 0.009890 0.000010
0.984215 0.003516 0.000989 0.011270 0.000010
0.989399 0.000010 0.000010 0.010571 0.000010
0.979581 0.009767 0.001212 0.009430 0.000010
0.991984 0.002809 0.000010 0.003224 0.001974
0.983684 0.001582 0.000010 0.012350 0.002374
0.980022 0.002726 0.000948 0.014516 0.001788
0.983168 0.006474 0.001109 0.005673 0.003577
0.983245 0.003317 0.000014 0.013413 0.000010
0.978448 0.006314 0.000010 0.011453 0.003775
0.991952 0.002204 0.000010 0.005824 0.000010
0.990073 0.003729 0.000010 0.006177 0.000010
0.997548 0.000010 0.000010 0.002422 0.000010
0.985509 0.000010 0.000010 0.014461 0.000010
0.991909 0.000010 0.000010 0.008061 0.000010
0.982945 0.001508 0.000319 0.015217 0.000010
0.988495 0.005755 0.001610 0.004131 0.000010
0.986284 0.003619 0.000013 0.010074 0.000010
0.990841 0.002722 0.000010 0.006417 0.000010
0.985828 0.000884 0.000862 0.012416 0.000010
0.990844 0.000644 0.000010 0.007729 0.000773
0.980451 0.004022 0.000010 0.015507 0.000010
0.955514 0.004338 0.000010 0.003682 0.036455
0.988168 0.003297 0.002531 0.005994 0.000010
0.995762 0.000010 0.000010 0.004208 0.000010
0.977377 0.010357 0.000010 0.007609 0.004646
0.988933 0.000011 0.000010 0.007754 0.003292
0.987971 0.000010 0.000010 0.011999 0.000010
0.992054 0.000010 0.000010 0.007916 0.000010
0.988567 0.000010 0.000010 0.011403 0.000010
0.989530 0.003134 0.000010 0.007316 0.000010
0.985506 0.005094 0.000010 0.009379 0.000010
0.992112 0.002612 0.000224 0.005041 0.000010
0.993276 0.000010 0.000010 0.006694 0.000010
0.991856 0.000161 0.000011 0.007962 0.000010
0.994316 0.001532 0.000010 0.004131 0.000010
0.993209 0.000010 0.000010 0.006761 0.000010
0.992747 0.003075 0.000010 0.004158 0.000010
0.989051 0.001929 0.000010 0.008407 0.000603
0.988302 0.004612 0.000010 0.007066 0.000010
0.991713 0.003431 0.000010 0.004805 0.000041
0.989046 0.000010 0.000010 0.010924 0.000010
0.985765 0.000067 0.000010 0.014147 0.000010
0.992849 0.000010 0.000010 0.006703 0.000427
0.988527 0.004919 0.001736 0.004477 0.000341
0.980023 0.003931 0.000010 0.010391 0.005645
0.989854 0.001368 0.000010 0.008758 0.000010
0.991138 0.000010 0.000010 0.008832 0.000010
0.991496 0.000010 0.000010 0.008474 0.000010
0.989559 0.000010 0.000010 0.010411 0.000010
0.990924 0.000010 0.000010 0.009046 0.000010
0.984698 0.006398 0.000929 0.007965 0.000010
0.992959 0.000010 0.000010 0.007011 0.000010
0.988401 0.000010 0.000010 0.011569 0.000010
0.978936 0.006197 0.000010 0.010894 0.003963
0.996365 0.000012 0.000010 0.003603 0.000010
0.992035 0.000010 0.000010 0.007935 0.000010
0.985133 0.004832 0.000010 0.008065 0.001959
0.990099 0.000010 0.000010 0.009871 0.000010
0.983834 0.006113 0.000010 0.007886 0.002157
0.983253 0.000010 0.000479 0.011535 0.004723
0.992724 0.000010 0.000010 0.006757 0.000499
0.984522 0.003503 0.000030 0.011935 0.000010
0.987845 0.001448 0.000010 0.010687 0.000010
0.979646 0.006267 0.001175 0.012902 0.000010
0.985806 0.000824 0.000010 0.004587 0.008773
0.975873 0.008234 0.000010 0.014045 0.001838
0.987637 0.004092 0.000010 0.008251 0.000010
0.985819 0.003819 0.000010 0.010342 0.000010
0.986259 0.004202 0.001432 0.007408 0.000699
0.981052 0.002318 0.000010 0.013532 0.003087
0.983497 0.004500 0.000010 0.007601 0.004392
0.986886 0.005523 0.000010 0.000471 0.007111
0.988843 0.000010 0.000010 0.011127 0.000010
0.992855 0.000010 0.000010 0.007115 0.000010
0.991989 0.000665 0.000010 0.007326 0.000010
0.988420 0.002286 0.000010 0.009274 0.000010
0.996738 0.000099 0.000010 0.003142 0.000010
0.987957 0.000010 0.000010 0.011950 0.000073
0.977496 0.000010 0.001893 0.020591 0.000010
0.985796 0.000010 0.000010 0.014174 0.000010
0.993662 0.000010 0.000010 0.006308 0.000010
0.992634 0.000425 0.000010 0.005366 0.001565
0.980659 0.004417 0.000010 0.014903 0.000010
0.980399 0.010672 0.000010 0.008432 0.000487
0.980907 0.007316 0.001107 0.010660 0.000010
0.982869 0.001938 0.002115 0.013068 0.000010
0.985645 0.000010 0.000019 0.014316 0.000010
0.991336 0.001250 0.000010 0.007394 0.000010
0.984995 0.007395 0.000010 0.007591 0.000010
0.999960 0.000010 0.000010 0.000010 0.000010
0.991199 0.000010 0.000010 0.008771 0.000010
0.450558 0.031345 0.518077 0.000010 0.000010
0.992893 0.001654 0.000010 0.005434 0.000010
0.994407 0.000010 0.000010 0.005563 0.000010
0.975032 0.003110 0.001535 0.020313 0.000010
0.986881 0.003173 0.000010 0.009926 0.000010
0.985865 0.000314 0.000010 0.013801 0.000010
0.989794 0.000010 0.000010 0.006272 0.003914
0.982959 0.005901 0.000010 0.011120 0.000010
0.981243 0.005746 0.000010 0.012991 0.000010
0.974506 0.006546 0.000010 0.009058 0.009880
0.989937 0.002262 0.001067 0.006724 0.000010
0.980854 0.000010 0.000010 0.019116 0.000010
0.995000 0.003148 0.000010 0.001833 0.000010
0.983518 0.003690 0.000010 0.012772 0.000010
0.985117 0.005632 0.002454 0.006788 0.000010
0.984058 0.001772 0.000010 0.014151 0.000010
0.990683 0.004994 0.002309 0.002005 0.000010
0.988562 0.005175 0.000010 0.006244 0.000010
0.988073 0.003460 0.001164 0.007293 0.000010
0.990115 0.004971 0.000010 0.004894 0.000010
0.991326 0.001153 0.000010 0.007501 0.000010
0.991648 0.000010 0.000010 0.008322 0.000010
0.988141 0.004677 0.000010 0.007163 0.000010
0.988872 0.001728 0.002309 0.007081 0.000010
0.984648 0.001303 0.000010 0.014029 0.000010
0.985376 0.005103 0.000010 0.003523 0.005988
0.984590 0.002507 0.000010 0.005298 0.007595
0.988050 0.002695 0.000010 0.009235 0.000010
0.982894 0.004448 0.000010 0.006247 0.006400
0.979509 0.007907 0.000010 0.010360 0.002214
0.993336 0.000455 0.000010 0.004783 0.001417
0.991184 0.000010 0.000013 0.008783 0.000010
0.983458 0.000420 0.002229 0.011758 0.002134
0.994997 0.000010 0.000010 0.004973 0.000010
0.982053 0.003836 0.000010 0.014091 0.000010
0.989326 0.002211 0.000010 0.008443 0.000010
0.993609 0.001100 0.000010 0.005271 0.000010
0.994200 0.000010 0.002133 0.003648 0.000010
0.989827 0.000010 0.000010 0.010143 0.000010
0.987268 0.000010 0.000402 0.012309 0.000010
0.985918 0.002672 0.000010 0.011390 0.000010
0.994455 0.000010 0.000010 0.005515 0.000010
0.982487 0.003819 0.000473 0.013212 0.000010
0.990149 0.006511 0.000010 0.003319 0.000012
0.986790 0.003450 0.000010 0.009740 0.000010
0.991682 0.000010 0.000010 0.008288 0.000010
0.981182 0.005116 0.000010 0.011228 0.002464
0.994408 0.001795 0.000010 0.003777 0.000010
0.987019 0.001746 0.000010 0.011215 0.000010
0.983877 0.000010 0.001852 0.007829 0.006432
0.989892 0.002578 0.000010 0.007510 0.000010
0.984230 0.000017 0.001354 0.014389 0.000010
0.994152 0.000010 0.000010 0.005818 0.000010
0.975498 0.003901 0.001445 0.012046 0.007109
0.991268 0.004288 0.000010 0.002906 0.001528
0.985623 0.000010 0.000010 0.014347 0.000010
0.984199 0.005259 0.000010 0.010522 0.000010
0.983375 0.000388 0.000010 0.016200 0.000027
0.984866 0.001144 0.000729 0.013251 0.000010
0.994222 0.001010 0.000010 0.004748 0.000010
0.975574 0.008432 0.000010 0.011440 0.004545
0.987579 0.005149 0.000073 0.007190 0.000010
0.983534 0.004144 0.000010 0.012303 0.000010
0.985637 0.006917 0.000010 0.007425 0.000010
0.992431 0.002993 0.000010 0.004556 0.000010
0.994131 0.002328 0.000010 0.003521 0.000010
0.986863 0.005995 0.000051 0.007080 0.000010
0.990669 0.000010 0.000010 0.009301 0.000010
0.989056 0.000806 0.000010 0.010118 0.000010
0.994506 0.000010 0.000010 0.005464 0.000010
0.725403 0.026523 0.005546 0.078228 0.164299
0.978092 0.007030 0.000010 0.014859 0.000010
0.989314 0.000010 0.000010 0.010656 0.000010
0.991870 0.000010 0.001355 0.006755 0.000010
0.984325 0.002651 0.000010 0.013004 0.000010
0.991949 0.000010 0.000010 0.008021 0.000010
0.989786 0.001860 0.000010 0.004963 0.003381
0.989626 0.000011 0.000010 0.009323 0.001030
0.982886 0.001588 0.000010 0.015506 0.000010
0.991999 0.000010 0.000010 0.007971 0.000010
0.986879 0.003141 0.000010 0.009961 0.000010
0.981263 0.000010 0.000434 0.018282 0.000010
0.988925 0.000010 0.000010 0.011045 0.000010
0.992270 0.000010 0.000010 0.007700 0.000010
0.985818 0.000010 0.000010 0.014152 0.000010
0.990824 0.002817 0.000010 0.006340 0.000010
0.988746 0.000010 0.000010 0.011224 0.000010
0.991386 0.000010 0.000010 0.008584 0.000010
0.983377 0.005020 0.000010 0.011583 0.000010
0.985362 0.003078 0.000010 0.010439 0.001111
0.984163 0.000010 0.000010 0.015462 0.000355
0.986206 0.001696 0.000010 0.010672 0.001416
0.993586 0.000915 0.001318 0.004171 0.000010
0.994599 0.000010 0.000395 0.004986 0.000010
0.987398 0.001926 0.000010 0.010656 0.000010
0.982839 0.003114 0.001852 0.011687 0.000508
0.974930 0.007618 0.000010 0.010240 0.007201
0.981682 0.000899 0.000010 0.014826 0.002583
0.992168 0.004681 0.000010 0.003132 0.000010
0.989984 0.000524 0.001369 0.008113 0.000010
0.978785 0.005556 0.000522 0.009509 0.005627
0.990668 0.001222 0.000010 0.008090 0.000010
0.985217 0.000010 0.002059 0.012705 0.000010
0.982888 0.001926 0.002696 0.012479 0.000010
0.991991 0.003620 0.000010 0.004369 0.000010
0.990599 0.000787 0.000010 0.008594 0.000010
0.990349 0.000010 0.000518 0.009113 0.000010
0.990555 0.002363 0.000010 0.005023 0.002048
0.990640 0.002792 0.001018 0.005540 0.000010
0.988686 0.000015 0.000010 0.007407 0.003882
0.990980 0.002353 0.000010 0.006647 0.000010
0.989114 0.000010 0.000010 0.010856 0.000010
0.987910 0.004978 0.000010 0.007092 0.000010
0.992980 0.000010 0.000010 0.006990 0.000010
0.985185 0.002069 0.000010 0.012726 0.000010
0.991921 0.000013 0.000010 0.008046 0.000010
0.982682 0.003296 0.000010 0.014002 0.000010
0.990379 0.000010 0.000010 0.009591 0.000010
0.988105 0.000010 0.000010 0.011865 0.000010
0.984357 0.005869 0.000010 0.009096 0.000668
0.988905 0.003957 0.000010 0.007118 0.000010
0.955652 0.017947 0.000801 0.006734 0.018865
0.986221 0.000015 0.000010 0.013744 0.000010
0.989509 0.003204 0.000010 0.007267 0.000010
0.988062 0.002175 0.000010 0.009742 0.000010
0.987513 0.003852 0.000010 0.008139 0.000487
0.986910 0.003868 0.000010 0.009202 0.000010
0.979094 0.005476 0.000987 0.014433 0.000010
0.986485 0.002191 0.000015 0.011299 0.000010
0.994287 0.000018 0.000010 0.005676 0.000010
0.986742 0.002566 0.000010 0.010672 0.000010
0.986666 0.000010 0.000010 0.013304 0.000010
0.999960 0.000010 0.000010 0.000010 0.000010
0.986341 0.005479 0.000010 0.008159 0.000010
0.990682 0.000010 0.000010 0.009288 0.000010
0.988310 0.002692 0.000010 0.008978 0.000010
0.978693 0.000917 0.000010 0.013647 0.006733
0.988243 0.002911 0.000010 0.008825 0.000010
0.982692 0.007633 0.000010 0.009173 0.000492
0.991140 0.001062 0.000010 0.006072 0.001716
0.989272 0.000010 0.000010 0.010698 0.000010
0.987760 0.001896 0.000018 0.010316 0.000010
0.994352 0.000010 0.000010 0.000010 0.005618
0.984621 0.000020 0.000010 0.015339 0.000010
0.990646 0.000800 0.000010 0.008534 0.000010
0.984545 0.005786 0.000010 0.006317 0.003341
0.985591 0.002325 0.000010 0.012064 0.000010
0.987644 0.002807 0.000228 0.007106 0.002216
0.991651 0.001794 0.000010 0.006535 0.000010
0.979654 0.003503 0.000010 0.015305 0.001529
0.986115 0.003311 0.000010 0.007012 0.003552
0.988152 0.000055 0.000010 0.011773 0.000010
0.978377 0.002763 0.000010 0.015075 0.003776
0.994769 0.000010 0.000010 0.005201 0.000010
0.990403 0.001026 0.000010 0.008551 0.000010
0.993158 0.000010 0.000010 0.006812 0.000010
0.983083 0.001960 0.000010 0.010770 0.004177
0.986584 0.002436 0.000010 0.010960 0.000010
0.978339 0.000010 0.001126 0.017698 0.002827
0.986457 0.000010 0.000010 0.013513 0.000010
0.999960 0.000010 0.000010 0.000010 0.000010
0.997718 0.002252 0.000010 0.000010 0.000010
0.985439 0.002850 0.001759 0.009942 0.000010
0.989051 0.000321 0.000010 0.008511 0.002106
0.992999 0.000010 0.000010 0.006971 0.000010
0.980119 0.001525 0.000010 0.015047 0.003300
0.988123 0.000010 0.000754 0.010819 0.000294
0.990793 0.000010 0.000010 0.009177 0.000010
0.992979 0.000010 0.000010 0.006991 0.000010
0.992880 0.000010 0.000010 0.007090 0.000010
0.987840 0.000010 0.000010 0.012130 0.000010
0.999960 0.000010 0.000010 0.000010 0.000010
0.987635 0.000010 0.000010 0.012335 0.000010
0.992220 0.003409 0.000010 0.004351 0.000010
0.986597 0.002653 0.000010 0.006815 0.003925
0.981543 0.003078 0.000010 0.009204 0.006165
0.992640 0.000013 0.000010 0.007327 0.000010
0.986080 0.001507 0.000010 0.012392 0.000010
0.994217 0.000010 0.000010 0.005753 0.000010
0.986815 0.000010 0.000141 0.012466 0.000569
0.985985 0.002858 0.000010 0.011138 0.000010
0.987914 0.000010 0.000010 0.012056 0.000010
0.985512 0.002574 0.000010 0.011894 0.000010
0.969230 0.005796 0.001721 0.023243 0.000010
0.988085 0.000010 0.000193 0.011702 0.000010
0.986987 0.002561 0.001059 0.009383 0.000010
0.989651 0.004000 0.000010 0.002409 0.003930
0.986370 0.000010 0.000010 0.013600 0.000010
0.991850 0.000010 0.000010 0.008120 0.000010
0.996915 0.000182 0.000010 0.002883 0.000010
0.990905 0.003510 0.000010 0.005565 0.000010
0.995570 0.001116 0.001207 0.002097 0.000010
0.984072 0.004210 0.000010 0.011698 0.000010
0.991607 0.001157 0.000010 0.007215 0.000010
0.972905 0.005386 0.000010 0.018762 0.002937
0.990105 0.001584 0.000010 0.007100 0.001201
0.984181 0.002843 0.000010 0.012957 0.000010
0.987042 0.002519 0.000010 0.010419 0.000010
0.988419 0.000010 0.000010 0.009736 0.001825
0.984444 0.000010 0.000010 0.008358 0.007178
0.989160 0.000010 0.000010 0.010810 0.000010
0.990816 0.000187 0.000010 0.008977 0.000010
0.989834 0.000010 0.000010 0.010136 0.000010
0.981553 0.004015 0.001372 0.013049 0.000010
0.988516 0.000010 0.000010 0.011454 0.000010
0.986547 0.000010 0.000010 0.013423 0.000010
0.979435 0.001157 0.000636 0.018762 0.000010
0.977951 0.000010 0.000010 0.012083 0.009946
0.996881 0.000012 0.000010 0.003087 0.000010
0.987263 0.002149 0.000010 0.010568 0.000010
0.993856 0.000010 0.000010 0.006114 0.000010
0.988330 0.003980 0.000010 0.007670 0.000010
0.970903 0.005602 0.001610 0.021875 0.000010
0.986810 0.002899 0.000010 0.008054 0.002227
0.986026 0.004347 0.000010 0.009606 0.000010
0.992613 0.001587 0.000010 0.005780 0.000010
0.986307 0.004460 0.000431 0.008791 0.000010
0.993761 0.000768 0.000010 0.005451 0.000010
0.991863 0.000010 0.000708 0.007409 0.000010
0.990207 0.000617 0.000798 0.008369 0.000010
0.992904 0.000658 0.000010 0.006418 0.000010
0.990033 0.000010 0.000010 0.009937 0.000010
0.988974 0.000011 0.000010 0.010995 0.000010
0.985840 0.000010 0.001849 0.009001 0.003301
0.989150 0.003851 0.000010 0.006978 0.000010
0.984550 0.004738 0.000010 0.010692 0.000010
0.987653 0.003177 0.000010 0.009150 0.000010
0.998141 0.000010 0.000010 0.001829 0.000010
0.986466 0.003617 0.000010 0.009897 0.000010
0.987184 0.002544 0.000010 0.010252 0.000010
0.989551 0.001189 0.000010 0.009240 0.000010
0.966256 0.013541 0.000010 0.012258 0.007934
0.966918 0.007152 0.000813 0.023717 0.001401
0.990069 0.000010 0.000010 0.009901 0.000010
0.996000 0.002319 0.000010 0.001661 0.000010
0.989152 0.000010 0.000010 0.010818 0.000010
0.992704 0.001270 0.000105 0.005911 0.000010
0.994091 0.000010 0.000010 0.005879 0.000010
0.990249 0.001483 0.000010 0.008248 0.000010
0.991216 0.000010 0.000010 0.008754 0.000010
0.984288 0.002954 0.000029 0.012719 0.000010
0.988543 0.000010 0.000010 0.011427 0.000010
0.989841 0.004001 0.000720 0.005427 0.000010
0.993052 0.000010 0.000010 0.006918 0.000010
0.990851 0.000010 0.000010 0.009119 0.000010
0.989780 0.002914 0.000010 0.007286 0.000010
0.978870 0.003227 0.000010 0.017883 0.000010
0.991566 0.001291 0.000010 0.007123 0.000010
0.990575 0.002340 0.000010 0.007065 0.000010
0.984174 0.001681 0.000010 0.014125 0.000010
0.999960 0.000010 0.000010 0.000010 0.000010
0.997915 0.000010 0.000010 0.002055 0.000010
0.990213 0.002257 0.000086 0.007434 0.000010
0.990730 0.000010 0.000010 0.009240 0.000010
0.985109 0.003416 0.000010 0.011454 0.000010
0.978290 0.002386 0.000010 0.019304 0.000010
0.985023 0.005790 0.000010 0.008325 0.000851
0.984383 0.006156 0.001520 0.007931 0.000010
0.983056 0.000010 0.000743 0.016181 0.000010
0.989048 0.000054 0.000010 0.010878 0.000010
0.989553 0.000010 0.000010 0.010416 0.000010
0.993827 0.000010 0.000010 0.006143 0.000010
0.980431 0.004265 0.000010 0.013178 0.002116
0.990113 0.000010 0.000010 0.009857 0.000010
0.988850 0.000010 0.000010 0.011120 0.000010
0.987529 0.000010 0.000010 0.012441 0.000010
0.988874 0.000164 0.000010 0.010942 0.000010
0.991583 0.000010 0.000010 0.008387 0.000010
0.983438 0.006878 0.000010 0.004728 0.004947
0.993689 0.000965 0.000010 0.005326 0.000010
0.995399 0.000010 0.000010 0.004571 0.000010
0.992996 0.000010 0.000010 0.006974 0.000010
0.989490 0.002615 0.000010 0.007875 0.000010
0.980382 0.005093 0.000010 0.014505 0.000010
0.999960 0.000010 0.000010 0.000010 0.000010
0.983794 0.001175 0.000010 0.015012 0.000010
0.992212 0.001162 0.000010 0.006605 0.000010
0.985633 0.000010 0.000010 0.014337 0.000010
0.990510 0.001408 0.000010 0.006032 0.002040
0.985504 0.000807 0.001112 0.012568 0.000010
0.986969 0.006216 0.000010 0.006795 0.000010
0.956326 0.017913 0.000010 0.011281 0.014469
0.985238 0.001356 0.000010 0.013385 0.000010
0.991710 0.000010 0.000010 0.008260 0.000010
0.985578 0.001120 0.001220 0.009720 0.002363
0.987271 0.001567 0.000010 0.011142 0.000010
0.991353 0.000010 0.000010 0.008617 0.000010
0.983489 0.002704 0.000010 0.013787 0.000010
0.994212 0.000010 0.000010 0.005758 0.000010
0.985898 0.002789 0.000010 0.011294 0.000010
0.991312 0.000010 0.000010 0.008658 0.000010
0.992803 0.003600 0.000010 0.003577 0.000010
0.987356 0.003667 0.000010 0.008956 0.000010
0.991730 0.000019 0.000010 0.007380 0.000861
0.995003 0.000010 0.000010 0.004967 0.000010
0.988900 0.000010 0.000010 0.011070 0.000010
0.992504 0.002251 0.000010 0.005224 0.000010
0.978561 0.000202 0.001611 0.019616 0.000010
0.989340 0.003779 0.000010 0.006861 0.000010
0.987360 0.000878 0.000010 0.008866 0.002887
0.990259 0.000911 0.000010 0.000469 0.008351
0.987192 0.006702 0.000010 0.006086 0.000010
0.986377 0.000010 0.000010 0.013593 0.000010
0.987367 0.005540 0.000010 0.007073 0.000010
0.993753 0.000016 0.000013 0.006207 0.000010
0.994265 0.000428 0.000010 0.005287 0.000010
0.976500 0.002807 0.000010 0.020673 0.000010
0.988075 0.000010 0.000381 0.009235 0.002299
0.993087 0.000623 0.000010 0.006270 0.000010
0.987955 0.002199 0.001159 0.003959 0.004728
0.991802 0.001438 0.000010 0.006740 0.000010
0.987217 0.004989 0.000010 0.007583 0.000202
0.984928 0.003403 0.000010 0.011311 0.000347
0.991441 0.000625 0.000010 0.006187 0.001736
0.991443 0.000777 0.000140 0.007630 0.000010
0.989483 0.002517 0.000010 0.006890 0.001101
0.990634 0.000010 0.000010 0.009336 0.000010
0.983766 0.002492 0.000010 0.013722 0.000010
0.984697 0.004689 0.000010 0.010595 0.000010
0.983934 0.002923 0.000010 0.010999 0.002134
0.995048 0.000010 0.000010 0.002844 0.002087
0.985692 0.002571 0.000010 0.007670 0.004057
0.989164 0.003929 0.001071 0.005826 0.000010
0.992145 0.000292 0.000010 0.004123 0.003429
0.987936 0.004957 0.000010 0.007087 0.000010
0.991083 0.000381 0.000010 0.007791 0.000735
0.984890 0.004284 0.000010 0.010806 0.000010
0.975909 0.002506 0.000010 0.021565 0.000010
0.994473 0.000010 0.000010 0.005497 0.000010
0.993000 0.002149 0.000010 0.002096 0.002745
0.989949 0.004936 0.000010 0.005094 0.000010
0.992919 0.001429 0.000010 0.005633 0.000010
0.987274 0.002157 0.000891 0.009668 0.000010
0.988262 0.000724 0.000010 0.010907 0.000096
0.987634 0.004764 0.001165 0.006427 0.000010
0.986288 0.003594 0.000019 0.010089 0.000010
0.986586 0.002036 0.000010 0.006521 0.004848
0.989093 0.000010 0.000010 0.007748 0.003139
0.990274 0.002743 0.000010 0.006962 0.000010
0.984634 0.002437 0.000010 0.012909 0.000010
0.988783 0.002235 0.000010 0.008962 0.000010
0.987829 0.000204 0.000010 0.008331 0.003626
0.991283 0.000619 0.000010 0.008078 0.000010
0.986783 0.000010 0.000010 0.012624 0.000572
0.985579 0.003031 0.002798 0.005899 0.002693
0.988085 0.000010 0.000010 0.011885 0.000010
0.993128 0.000010 0.000010 0.006842 0.000010
0.986609 0.002885 0.000010 0.010486 0.000010
0.960379 0.010574 0.001816 0.012125 0.015106
0.988246 0.004061 0.000010 0.002361 0.005322
0.985865 0.000721 0.000010 0.005131 0.008273
0.991872 0.000010 0.000010 0.002892 0.005216
0.993909 0.001398 0.000010 0.004673 0.000010
0.992085 0.000010 0.000010 0.007885 0.000010
0.988669 0.000010 0.000013 0.011297 0.000010
0.992431 0.000010 0.000010 0.007539 0.000010
0.994989 0.000010 0.000010 0.004981 0.000010
0.990022 0.003706 0.000010 0.005287 0.000975
0.960978 0.032945 0.000010 0.000095 0.005972
0.991382 0.000023 0.000010 0.007615 0.000970
0.992921 0.000010 0.000010 0.007049 0.000010
0.986202 0.002836 0.000010 0.010475 0.000477
0.983510 0.004503 0.000010 0.011966 0.000010
0.986376 0.004884 0.000010 0.008719 0.000010
0.993423 0.000010 0.000191 0.006367 0.000010
0.987197 0.001762 0.000010 0.010517 0.000514
0.980489 0.007297 0.000010 0.012195 0.000010
0.858958 0.004338 0.014507 0.096549 0.025648
0.987398 0.003898 0.000010 0.008684 0.000010
0.988438 0.002768 0.000014 0.008770 0.000010
0.990466 0.000010 0.000010 0.008332 0.001181
0.989245 0.001157 0.000197 0.009392 0.000010
0.988622 0.004629 0.000010 0.006729 0.000010
0.989453 0.007214 0.000600 0.002075 0.000657
0.991006 0.002079 0.000010 0.006894 0.000010
0.979592 0.004178 0.000010 0.015281 0.000939
0.999960 0.000010 0.000010 0.000010 0.000010
0.981743 0.003788 0.000791 0.013669 0.000010
0.989205 0.005431 0.000010 0.005344 0.000010
0.992324 0.003287 0.000010 0.004369 0.000010
0.995206 0.002005 0.000010 0.000010 0.002770
0.860673 0.000010 0.000010 0.139297 0.000010
0.982178 0.003556 0.000010 0.013124 0.001132
0.984151 0.005675 0.001107 0.009057 0.000010
0.981556 0.000010 0.000010 0.018414 0.000010
0.989078 0.002384 0.000010 0.008518 0.000010
0.987219 0.000770 0.000010 0.007287 0.004715
0.989210 0.002371 0.000010 0.008399 0.000010
0.991075 0.002249 0.000010 0.006655 0.000010
0.990955 0.000309 0.000010 0.008716 0.000010
0.991447 0.003342 0.001406 0.003795 0.000010
0.987281 0.000748 0.000010 0.008663 0.003298
0.988020 0.003899 0.000010 0.008061 0.000010
0.988868 0.004145 0.000010 0.006967 0.000010
0.991892 0.000019 0.000010 0.006496 0.001584
0.979147 0.002255 0.001017 0.017571 0.000010
0.991203 0.003550 0.000010 0.005227 0.000010
0.988322 0.006311 0.000010 0.005347 0.000010
0.989306 0.001731 0.001076 0.004548 0.003339
0.989270 0.000012 0.000010 0.009402 0.001307
0.989088 0.003175 0.000010 0.007718 0.000010
0.992084 0.001471 0.000010 0.006425 0.000010
0.989181 0.000178 0.000010 0.010621 0.000010
0.990682 0.002612 0.000010 0.006686 0.000010
0.977849 0.010405 0.000010 0.007428 0.004308
0.980382 0.005735 0.000010 0.012669 0.001204
0.981089 0.000366 0.000010 0.010102 0.008433
0.992219 0.002149 0.000010 0.005612 0.000010
0.981826 0.002820 0.000010 0.014974 0.000371
0.992069 0.000010 0.000010 0.007901 0.000010
0.991352 0.002647 0.000010 0.005981 0.000010
0.982962 0.006224 0.000010 0.010604 0.000199
0.983409 0.001192 0.000010 0.015379 0.000010
0.979604 0.000010 0.000701 0.019676 0.000010
0.980130 0.002841 0.000010 0.010775 0.006244
0.982334 0.003664 0.000010 0.011344 0.002648
0.985214 0.001364 0.000010 0.013402 0.000010
0.982632 0.001916 0.000010 0.015045 0.000397
0.988012 0.000010 0.000010 0.010507 0.001461
0.990324 0.004042 0.000010 0.005615 0.000010
0.991977 0.001500 0.000010 0.006503 0.000010
0.991848 0.003307 0.000010 0.004824 0.000010
0.991373 0.002580 0.000010 0.006026 0.000010
0.975491 0.004072 0.002098 0.013724 0.004614
0.978888 0.008268 0.000010 0.012823 0.000010
0.988774 0.000010 0.000010 0.011196 0.000010
0.988632 0.002103 0.000010 0.009245 0.000010
0.988794 0.000974 0.000010 0.010212 0.000010
0.995247 0.000010 0.001026 0.003708 0.000010
0.994723 0.000013 0.000010 0.005244 0.000010
0.987637 0.000010 0.001145 0.011198 0.000010
0.987761 0.002737 0.000010 0.009482 0.000010
0.979538 0.009116 0.000010 0.008502 0.002834
0.984367 0.005761 0.000010 0.005817 0.004045
0.986991 0.002262 0.001805 0.008932 0.000010
0.990723 0.000010 0.000489 0.008768 0.000010
0.989562 0.002146 0.000010 0.008272 0.000010
0.985012 0.005226 0.001350 0.008403 0.000010
0.981362 0.005247 0.000010 0.013371 0.000010
0.985045 0.003612 0.001386 0.003662 0.006295
0.988570 0.000010 0.000010 0.011399 0.000010
0.990641 0.004373 0.000010 0.004967 0.000010
0.983486 0.000010 0.000010 0.016484 0.000010
0.993005 0.003985 0.000010 0.002990 0.000010
0.984205 0.004547 0.001719 0.009519 0.000010
0.986302 0.001459 0.000010 0.012219 0.000010
0.984347 0.000199 0.000018 0.015426 0.000010
0.988399 0.000010 0.000010 0.011423 0.000158
0.988072 0.001968 0.000010 0.009940 0.000010
0.985265 0.002711 0.000010 0.012003 0.000010
0.990363 0.003470 0.000010 0.004175 0.001982
0.988190 0.000010 0.000010 0.011780 0.000010
0.983682 0.000010 0.000010 0.016288 0.000010
0.994351 0.001776 0.000010 0.001115 0.002748
0.980634 0.000010 0.000083 0.019263 0.000010
0.988527 0.001970 0.000010 0.008397 0.001096
0.978481 0.003180 0.002507 0.012270 0.003563
0.988040 0.000010 0.000010 0.011930 0.000010
0.983995 0.000927 0.000923 0.014145 0.000010
0.983215 0.003087 0.001871 0.011817 0.000010
0.989830 0.003867 0.000010 0.006283 0.000010
0.989147 0.002255 0.000827 0.007761 0.000010
0.998544 0.000017 0.000010 0.001419 0.000010
0.980561 0.003952 0.000010 0.012650 0.002827
0.983762 0.001479 0.000010 0.014740 0.000010
0.988430 0.003102 0.000010 0.008448 0.000010
0.990127 0.000017 0.000010 0.009835 0.000010
0.993755 0.000906 0.000010 0.005319 0.000010
0.973085 0.003293 0.001646 0.021967 0.000010
0.993157 0.000010 0.000010 0.005720 0.001103
0.985887 0.004782 0.001441 0.007880 0.000010
0.992927 0.002874 0.000010 0.004179 0.000010
0.991518 0.002497 0.000312 0.005663 0.000010
0.986102 0.006417 0.000010 0.000010 0.007462
0.988396 0.002601 0.000010 0.008983 0.000010
0.989143 0.000010 0.000596 0.010241 0.000010
0.974235 0.004142 0.002665 0.018948 0.000010
0.989972 0.000165 0.000010 0.009843 0.000010
0.985960 0.005083 0.000010 0.008937 0.000010
0.993772 0.000017 0.000010 0.006190 0.000010
0.990359 0.003695 0.000010 0.005926 0.000010
0.980748 0.005825 0.000010 0.013407 0.000010
0.991516 0.001368 0.000010 0.007096 0.000010
0.985578 0.000085 0.000010 0.014317 0.000010
0.973801 0.011314 0.000010 0.011541 0.003334
0.986188 0.006384 0.000523 0.006896 0.000010
0.993639 0.002630 0.000010 0.000010 0.003710
0.984440 0.000010 0.000010 0.009589 0.005951
0.985515 0.000010 0.000010 0.014455 0.000010
0.990242 0.000854 0.000011 0.008882 0.000010
0.983920 0.000010 0.000939 0.015121 0.000010
0.991425 0.000010 0.000010 0.002760 0.005796
0.986317 0.000010 0.001728 0.011935 0.000010
0.979496 0.002811 0.000010 0.011137 0.006547
0.984600 0.002666 0.000010 0.009735 0.002989
0.987056 0.001373 0.000010 0.011551 0.000010
0.992130 0.004248 0.000010 0.003602 0.000010
0.985856 0.005137 0.000010 0.008987 0.000010
0.991395 0.000019 0.000010 0.008567 0.000010
0.994162 0.000012 0.000010 0.005806 0.000010
0.986163 0.000010 0.000010 0.013807 0.000010
0.986201 0.003728 0.000010 0.010052 0.000010
0.994131 0.003610 0.000010 0.002239 0.000010
0.986434 0.003504 0.000010 0.010042 0.000010
0.987394 0.004084 0.000010 0.008502 0.000010
0.989353 0.001010 0.000147 0.009480 0.000010
0.992293 0.000010 0.000010 0.007320 0.000367
0.982232 0.007994 0.000010 0.006068 0.003695
0.989916 0.005709 0.000010 0.004355 0.000010
0.979813 0.008870 0.000010 0.002803 0.008505
0.987011 0.004110 0.000010 0.008859 0.000010
0.986980 0.004188 0.000010 0.008813 0.000010
0.991152 0.001740 0.000010 0.007088 0.000010
0.988382 0.002856 0.000010 0.008742 0.000010
0.985706 0.004429 0.000010 0.009845 0.000010
0.992605 0.000010 0.000010 0.005729 0.001646
0.988732 0.005358 0.000010 0.005891 0.000010
0.989950 0.004666 0.000010 0.004426 0.000948
0.990150 0.000013 0.000010 0.009817 0.000010
0.987286 0.000010 0.000937 0.011756 0.000010
0.987930 0.001682 0.000010 0.010368 0.000010
0.986654 0.001786 0.000010 0.011540 0.000010
0.997859 0.002111 0.000010 0.000010 0.000010
0.991028 0.000797 0.000010 0.008154 0.000010
0.990739 0.001904 0.000010 0.007337 0.000010
0.993248 0.000293 0.000010 0.006439 0.000010
0.987108 0.004136 0.000452 0.008295 0.000010
0.981588 0.004060 0.001447 0.012699 0.000205
0.984916 0.007719 0.000010 0.007345 0.000010
0.988393 0.000663 0.000010 0.010924 0.000010
0.987883 0.000010 0.000010 0.012087 0.000010
0.978769 0.010316 0.000010 0.010895 0.000010
0.987250 0.001538 0.000010 0.009218 0.001985
0.980721 0.005059 0.000010 0.011433 0.002777
0.989810 0.000010 0.000010 0.010160 0.000010
0.991326 0.000190 0.000010 0.008464 0.000010
0.979446 0.003053 0.000010 0.015809 0.001682
0.994745 0.000010 0.000011 0.005225 0.000010
0.981499 0.002938 0.000010 0.015543 0.000010
0.989331 0.003282 0.000010 0.007368 0.000010
0.990954 0.001262 0.000010 0.004048 0.003727
0.986094 0.007003 0.000010 0.006883 0.000010
0.975965 0.005805 0.000800 0.009913 0.007517
0.994425 0.002676 0.000010 0.002879 0.000010
0.986559 0.000010 0.000010 0.013411 0.000010
0.986732 0.002779 0.000010 0.006798 0.003680
0.988286 0.002844 0.000010 0.008851 0.000010
0.991205 0.005475 0.000010 0.003301 0.000010
0.985192 0.005402 0.000010 0.009386 0.000010
0.994224 0.000246 0.000010 0.005510 0.000010
0.989513 0.000010 0.000010 0.010457 0.000010
0.987902 0.002126 0.000010 0.003154 0.006808
0.985731 0.002649 0.000010 0.011600 0.000010
0.997379 0.000010 0.000010 0.002591 0.000010
0.992592 0.000010 0.000691 0.006552 0.000155
0.989924 0.002182 0.000010 0.007874 0.000010
0.990667 0.004209 0.000010 0.004744 0.000371
0.983695 0.006929 0.000010 0.009356 0.000010
0.991229 0.001560 0.000010 0.007191 0.000010
0.985132 0.004465 0.002787 0.007606 0.000010
0.988039 0.004049 0.000010 0.007892 0.000010
0.977766 0.007266 0.002357 0.012601 0.000010
0.985994 0.002946 0.000010 0.011040 0.000010
0.982834 0.006760 0.000010 0.005925 0.004471
0.806155 0.005416 0.004581 0.168539 0.015310
0.996421 0.003549 0.000010 0.000010 0.000010
0.986314 0.003598 0.000010 0.010068 0.000010
0.992935 0.000010 0.000010 0.007035 0.000010
0.984618 0.002551 0.000010 0.012811 0.000010
0.989413 0.000010 0.002052 0.008515 0.000010
0.980623 0.006856 0.000010 0.012270 0.000241
0.979452 0.004313 0.000010 0.013235 0.002990
0.988063 0.005985 0.000010 0.001847 0.004095
0.989299 0.000146 0.000010 0.006013 0.004532
0.991266 0.004126 0.000010 0.000096 0.004501
0.981210 0.003843 0.000010 0.014927 0.000010
0.985796 0.000010 0.000126 0.014059 0.000010
0.987976 0.003579 0.000010 0.005871 0.002564
0.989682 0.002934 0.000010 0.007364 0.000010
0.996015 0.001883 0.000010 0.002082 0.000010
0.989700 0.000010 0.000017 0.010264 0.000010
0.992968 0.000010 0.001528 0.004258 0.001235
0.982671 0.004363 0.000010 0.007971 0.004985
0.988008 0.002438 0.000010 0.009534 0.000010
0.982544 0.004672 0.000010 0.010838 0.001935
0.990033 0.002289 0.000010 0.007658 0.000010
0.988305 0.002630 0.000010 0.006123 0.002932
0.984143 0.002340 0.000010 0.011690 0.001817
0.974061 0.004160 0.001968 0.014577 0.005234
0.986569 0.005459 0.000010 0.007953 0.000010
0.985806 0.002066 0.000010 0.007473 0.004644
0.989184 0.001722 0.000010 0.009073 0.000010
0.974446 0.005485 0.000010 0.014888 0.005171
0.983202 0.006400 0.000022 0.010365 0.000010
0.982966 0.000010 0.000010 0.012141 0.004873
0.984173 0.005855 0.000010 0.006729 0.003234
0.982379 0.002509 0.002481 0.010816 0.001815
0.989397 0.000127 0.000010 0.009145 0.001321
0.990580 0.000010 0.000010 0.007341 0.002059
0.994754 0.000010 0.000010 0.002950 0.002276
0.988647 0.000519 0.000010 0.008707 0.002117
0.994183 0.001066 0.000010 0.004333 0.000409
0.973938 0.007747 0.000280 0.016754 0.001281
0.989690 0.000010 0.000010 0.010280 0.000010
0.989121 0.000544 0.000240 0.010086 0.000010
0.980799 0.002307 0.000010 0.011558 0.005326
0.988747 0.001803 0.000010 0.009429 0.000010
0.987133 0.000013 0.000502 0.012342 0.000010
0.987709 0.005000 0.000010 0.006634 0.000647
0.987162 0.006122 0.000010 0.006696 0.000010
0.986701 0.000017 0.000010 0.013263 0.000010
0.985625 0.003098 0.000010 0.008752 0.002515
0.984427 0.004575 0.000010 0.010978 0.000010
0.984337 0.004604 0.000010 0.010044 0.001005
0.993632 0.000010 0.000014 0.006334 0.000010
0.968851 0.009980 0.000010 0.016146 0.005013
0.972814 0.006445 0.000010 0.015947 0.004785
0.988354 0.000574 0.000010 0.011052 0.000010
0.994579 0.000010 0.000010 0.005391 0.000010
0.983307 0.002448 0.000010 0.014225 0.000010
0.991514 0.000010 0.000010 0.008456 0.000010
0.988463 0.001662 0.000013 0.009851 0.000010
0.994916 0.002542 0.000010 0.002522 0.000010
0.989602 0.003095 0.000010 0.007283 0.000010
0.985742 0.006197 0.000991 0.007060 0.000010
0.986651 0.003350 0.001443 0.008546 0.000010
0.988691 0.002751 0.000185 0.008363 0.000010
0.989487 0.000010 0.000369 0.010124 0.000010
0.987600 0.002603 0.000010 0.007055 0.002732
0.986115 0.002596 0.000010 0.011269 0.000010
0.985851 0.002230 0.000010 0.011899 0.000010
0.993762 0.000135 0.000010 0.006083 0.000010
0.980386 0.004185 0.000010 0.010090 0.005329
0.990275 0.002370 0.000010 0.007335 0.000010
0.987629 0.002715 0.000010 0.009636 0.000010
0.977918 0.000010 0.000010 0.013881 0.008181
0.987672 0.003685 0.000010 0.008622 0.000010
0.990572 0.000010 0.000010 0.008710 0.000699
0.992417 0.002202 0.000010 0.004797 0.000574
0.995054 0.000010 0.000010 0.004667 0.000259
0.991710 0.000010 0.000010 0.008260 0.000010
0.988468 0.000010 0.000010 0.011502 0.000010
0.975544 0.005371 0.002148 0.011113 0.005825
0.987528 0.003552 0.000010 0.008900 0.000010
0.990706 0.000698 0.000010 0.008576 0.000010
0.982952 0.001481 0.000010 0.008310 0.007248
0.987925 0.003002 0.000010 0.000610 0.008452
0.984618 0.003840 0.000010 0.011523 0.000010
0.994116 0.000759 0.000010 0.003193 0.001923
0.987070 0.004418 0.000010 0.008493 0.000010
0.986888 0.004151 0.000010 0.008941 0.000010
0.995166 0.000010 0.000010 0.000010 0.004804
0.995968 0.002596 0.000010 0.000010 0.001416
0.984610 0.006212 0.000010 0.007910 0.001257
0.992256 0.000684 0.000010 0.007041 0.000010
0.986756 0.004961 0.000010 0.002908 0.005365
0.988338 0.000352 0.000010 0.011290 0.000010
0.983407 0.002406 0.000468 0.013709 0.000010
0.986925 0.005559 0.000010 0.007259 0.000247
0.978952 0.000684 0.000010 0.020344 0.000010
0.988331 0.002238 0.000549 0.008872 0.000010
0.985090 0.003625 0.000975 0.010300 0.000010
0.991540 0.004025 0.000010 0.004415 0.000010
0.989681 0.000010 0.000010 0.010289 0.000010
0.982449 0.004918 0.000010 0.006641 0.005982
0.992358 0.000989 0.000010 0.006634 0.000010
0.993958 0.001365 0.000010 0.004657 0.000010
0.988182 0.000010 0.000010 0.011788 0.000010
0.983625 0.004705 0.000010 0.011651 0.000010
0.981564 0.006192 0.000010 0.012224 0.000010
0.981115 0.004740 0.000010 0.005670 0.008465
0.991397 0.003455 0.000010 0.005128 0.000010
0.975954 0.008441 0.000010 0.011412 0.004183
0.984743 0.005401 0.000010 0.009836 0.000010
0.985984 0.001621 0.000725 0.011660 0.000010
0.988397 0.000129 0.000010 0.011455 0.000010
0.988139 0.006802 0.000010 0.005039 0.000010
0.991084 0.003788 0.000010 0.005108 0.000010
0.988614 0.002570 0.000010 0.008796 0.000010
0.981323 0.004590 0.000010 0.010997 0.003080
0.979183 0.004913 0.000010 0.008601 0.007292
0.985254 0.006947 0.000010 0.007780 0.000010
0.993439 0.002380 0.000010 0.004160 0.000010
0.990158 0.000288 0.000010 0.009534 0.000010
0.982922 0.002119 0.000010 0.014939 0.000010
0.990885 0.002474 0.000010 0.006621 0.000010
0.994371 0.000010 0.000010 0.005599 0.000010
0.982816 0.001538 0.001521 0.014115 0.000010
0.990695 0.003862 0.000010 0.005423 0.000010
0.970188 0.009197 0.000010 0.020595 0.000010
0.984702 0.003458 0.000010 0.011820 0.000010
0.993253 0.000010 0.000010 0.006717 0.000010
0.992014 0.002295 0.000010 0.005671 0.000010
0.993189 0.002551 0.000010 0.004240 0.000010
0.987228 0.001980 0.000010 0.010773 0.000010
0.993316 0.000010 0.000010 0.006654 0.000010
0.977029 0.006374 0.000010 0.016577 0.000010
0.977094 0.000010 0.000010 0.022876 0.000010
0.988344 0.001279 0.000010 0.009573 0.000794
0.980148 0.001671 0.001988 0.010838 0.005355
0.989097 0.000010 0.000010 0.010873 0.000010
0.992454 0.000010 0.000010 0.007516 0.000010
0.986301 0.004883 0.000010 0.008796 0.000010
0.982048 0.004673 0.000010 0.003538 0.009730
0.992455 0.001194 0.000010 0.000010 0.006331
0.988415 0.000010 0.000010 0.005617 0.005948
0.986208 0.000856 0.000412 0.009443 0.003080
0.987330 0.004342 0.000010 0.007863 0.000456
0.984609 0.005127 0.000010 0.008651 0.001604
0.980719 0.003988 0.000645 0.014639 0.000010
0.987531 0.004674 0.000010 0.005249 0.002537
0.994567 0.000010 0.000010 0.005403 0.000010
0.986193 0.006128 0.000010 0.002678 0.004991
0.991706 0.003900 0.000010 0.004374 0.000010
0.981595 0.002938 0.001367 0.007774 0.006327
0.989818 0.002925 0.000010 0.007237 0.000010
0.983864 0.004048 0.000010 0.012068 0.000010
0.994684 0.000010 0.000010 0.005286 0.000010
0.986745 0.002051 0.000010 0.011184 0.000010
0.989463 0.000010 0.000010 0.010507 0.000010
0.994196 0.000010 0.000010 0.005774 0.000010
0.986980 0.004292 0.001378 0.007340 0.000010
0.988078 0.002496 0.000010 0.009406 0.000010
0.988418 0.005790 0.000010 0.005772 0.000010
0.991045 0.000010 0.000010 0.008925 0.000010
0.992197 0.000010 0.000010 0.007773 0.000010
0.993360 0.001945 0.000010 0.004675 0.000010
0.983578 0.004076 0.000040 0.012297 0.000010
0.989225 0.003604 0.000010 0.007151 0.000010
0.984103 0.009250 0.000010 0.006627 0.000010
0.973308 0.009657 0.001191 0.015834 0.000010
0.989746 0.003622 0.000010 0.002606 0.004016
0.982294 0.004526 0.000010 0.010357 0.002812
0.990075 0.002837 0.000010 0.007068 0.000010
0.988661 0.003114 0.000010 0.002673 0.005542
0.986971 0.003288 0.000010 0.009721 0.000010
0.987451 0.004305 0.000010 0.008224 0.000010
0.987610 0.003033 0.000010 0.009337 0.000010
0.993028 0.002496 0.000010 0.004456 0.000010
0.986091 0.005015 0.000264 0.008619 0.000010
0.992316 0.000010 0.000010 0.007654 0.000010
0.993625 0.003054 0.000010 0.003301 0.000010
0.980548 0.008484 0.000010 0.005765 0.005193
0.984746 0.005033 0.000010 0.010201 0.000010
0.988940 0.000011 0.001347 0.009692 0.000010
0.990431 0.000010 0.000010 0.009539 0.000010
0.987286 0.004885 0.000010 0.007810 0.000010
0.981417 0.003335 0.000555 0.014683 0.000010
0.978690 0.002725 0.001012 0.017562 0.000010
0.993229 0.000221 0.000010 0.006531 0.000010
0.985685 0.006395 0.000010 0.007900 0.000010
0.974482 0.005702 0.002240 0.017566 0.000010
0.980942 0.005621 0.000010 0.013416 0.000010
0.988963 0.000345 0.000010 0.010672 0.000010
0.986575 0.000010 0.000010 0.013395 0.000010
0.982983 0.003030 0.000070 0.013038 0.000879
0.981103 0.007069 0.002212 0.009605 0.000010
0.986013 0.005127 0.000010 0.008840 0.000010
0.981856 0.003925 0.000010 0.014199 0.000010
0.985499 0.000183 0.000010 0.011196 0.003111
0.984871 0.006649 0.000010 0.008460 0.000010
0.985079 0.001657 0.000010 0.013245 0.000010
0.990045 0.000010 0.002178 0.007757 0.000010
0.985560 0.005747 0.000013 0.008671 0.000010
0.988491 0.002178 0.000010 0.006455 0.002866
0.992161 0.000010 0.002361 0.005458 0.000010
0.989575 0.002937 0.000010 0.007468 0.000010
0.985356 0.001829 0.001002 0.011804 0.000010
0.973475 0.004979 0.000010 0.021526 0.000010
0.984163 0.002531 0.000010 0.013285 0.000010
0.982854 0.004288 0.001353 0.011495 0.000010
0.982835 0.005261 0.000010 0.009505 0.002390
