0.000010 0.000010 0.009573 0.004684 0.000010 0.000010 0.985702
0.000010 0.001810 0.000010 0.003553 0.000010 0.000010 0.994597
0.000010 0.005203 0.000309 0.002061 0.000010 0.001481 0.990925
0.000010 0.005702 0.000010 0.003587 0.000010 0.000010 0.990671
0.002652 0.000010 0.000010 0.005420 0.000010 0.000010 0.991888
0.002426 0.002306 0.000827 0.000010 0.000010 0.000010 0.994411
0.000010 0.000010 0.001770 0.000010 0.000010 0.000010 0.998180
0.000747 0.007656 0.000010 0.000010 0.000010 0.000828 0.990739
0.000586 0.000010 0.001620 0.004117 0.000010 0.000010 0.993648
0.004877 0.000237 0.000010 0.002400 0.000010 0.000010 0.992456
0.000010 0.000010 0.002760 0.000010 0.000405 0.000010 0.996794
0.000010 0.000475 0.000010 0.000010 0.001795 0.000010 0.997690
0.003577 0.000010 0.000010 0.003464 0.000010 0.000660 0.992269
0.004238 0.000010 0.000219 0.005373 0.000010 0.000010 0.990139
0.000010 0.000010 0.005712 0.006526 0.001510 0.000010 0.986221
0.000010 0.000010 0.005575 0.001245 0.000010 0.000010 0.993140
0.000010 0.001790 0.003779 0.004436 0.000014 0.000010 0.989961
0.000010 0.000010 0.000276 0.000154 0.000010 0.003394 0.996146
0.003698 0.006922 0.000010 0.000010 0.000010 0.000010 0.989340
0.000010 0.000010 0.002929 0.000010 0.002499 0.000010 0.994531
0.000010 0.000010 0.000010 0.000010 0.000010 0.003935 0.996015
0.000010 0.000010 0.002412 0.004542 0.001873 0.000010 0.991143
0.001911 0.001756 0.000010 0.001763 0.001005 0.000010 0.993546
0.002091 0.000010 0.006081 0.000010 0.000010 0.000010 0.991788
0.000010 0.000010 0.000010 0.002529 0.000010 0.003088 0.994343
0.000010 0.005211 0.000010 0.003100 0.001302 0.000010 0.990357
0.000010 0.004567 0.000010 0.000010 0.000010 0.000010 0.995383
0.000049 0.000010 0.000010 0.010072 0.002162 0.000336 0.987362
0.000250 0.000010 0.002238 0.001614 0.000010 0.000010 0.995867
0.001357 0.005730 0.011447 0.000010 0.000010 0.000010 0.981437
0.002898 0.002825 0.000010 0.000812 0.001838 0.003926 0.987691
0.003045 0.000010 0.002607 0.006892 0.001373 0.000010 0.986063
0.000010 0.001951 0.000010 0.002681 0.000656 0.004853 0.989840
0.005713 0.003100 0.000010 0.005955 0.000010 0.000010 0.985202
0.000510 0.000010 0.000010 0.001094 0.000010 0.000010 0.998356
0.000013 0.000010 0.001556 0.002860 0.000010 0.001980 0.993571
0.000010 0.000010 0.000010 0.000010 0.000010 0.000010 0.999940
0.000010 0.006333 0.000010 0.000010 0.000010 0.001759 0.991867
0.000010 0.000757 0.003596 0.000010 0.000010 0.000010 0.995607
0.000010 0.005626 0.000010 0.000010 0.000237 0.002793 0.991313
0.000010 0.000010 0.000010 0.006063 0.000957 0.000010 0.992940
0.000225 0.000015 0.002907 0.003845 0.000010 0.002341 0.990657
0.000010 0.000010 0.003808 0.001839 0.000010 0.000010 0.994313
0.000010 0.006129 0.001101 0.000226 0.001336 0.000010 0.991188
0.001693 0.000010 0.004317 0.000010 0.000010 0.000010 0.993950
0.000010 0.002908 0.000010 0.003832 0.000010 0.006284 0.986945
0.032113 0.000010 0.000010 0.004054 0.000010 0.000010 0.963793
0.000010 0.000010 0.000010 0.002137 0.003323 0.000010 0.994500
0.000010 0.000010 0.001623 0.000010 0.000010 0.000010 0.998327
0.004042 0.000010 0.000010 0.010945 0.000010 0.000010 0.984973
0.006656 0.000010 0.000010 0.000010 0.000010 0.000010 0.993294
0.000010 0.003392 0.000010 0.000010 0.000010 0.002321 0.994247
0.000010 0.000010 0.000010 0.000010 0.000421 0.000010 0.999529
0.000010 0.005516 0.000010 0.000010 0.000010 0.000010 0.994434
0.000010 0.000010 0.000010 0.000010 0.000010 0.000010 0.999940
0.000010 0.000010 0.000010 0.005065 0.000010 0.001528 0.993367
0.000010 0.000010 0.000010 0.002009 0.000010 0.000010 0.997941
0.000010 0.000012 0.003953 0.000010 0.000010 0.000010 0.995995
0.000010 0.000010 0.000010 0.000010 0.000010 0.000010 0.999940
0.000010 0.000010 0.000010 0.000010 0.000010 0.000010 0.999940
0.000010 0.000010 0.000145 0.000010 0.000010 0.000010 0.999805
0.000010 0.000010 0.000010 0.002754 0.000010 0.000010 0.997196
0.003637 0.000010 0.000010 0.000104 0.000010 0.000010 0.996219
0.000010 0.000011 0.000010 0.003794 0.000010 0.000010 0.996155
0.000010 0.000010 0.000010 0.003280 0.000010 0.000010 0.996670
0.000010 0.003752 0.000010 0.000010 0.000010 0.000010 0.996198
0.000010 0.008543 0.000010 0.000010 0.000010 0.000332 0.991084
0.003167 0.000010 0.000010 0.000010 0.000010 0.000010 0.996783
0.000010 0.000010 0.000010 0.004563 0.000859 0.000010 0.994537
0.004252 0.000010 0.000010 0.002955 0.000010 0.004607 0.988155
0.002750 0.000010 0.000010 0.000166 0.000010 0.000804 0.996249
0.000010 0.000212 0.002182 0.000010 0.000010 0.000010 0.997566
0.000010 0.000798 0.001982 0.000010 0.000010 0.000010 0.997180
0.000590 0.003825 0.000010 0.000010 0.000010 0.000010 0.995545
0.000604 0.002255 0.000010 0.000010 0.000010 0.000010 0.997102
0.000010 0.000011 0.001938 0.006453 0.002171 0.000010 0.989406
0.002421 0.000010 0.001431 0.000010 0.000010 0.000010 0.996108
0.000010 0.004570 0.000010 0.000010 0.000010 0.000010 0.995380
0.004055 0.004651 0.000010 0.005987 0.000010 0.000010 0.985277
0.000010 0.000011 0.000010 0.000010 0.000010 0.000010 0.999938
0.000010 0.000010 0.000010 0.000010 0.000010 0.001143 0.998807
0.000011 0.000010 0.013822 0.004705 0.000010 0.000010 0.981433
0.000010 0.003565 0.001105 0.000010 0.000010 0.000010 0.995291
0.005562 0.000010 0.000010 0.005733 0.000010 0.000010 0.988665
0.005185 0.006117 0.000010 0.000010 0.000465 0.000010 0.988203
0.000358 0.000010 0.008978 0.000010 0.000010 0.000010 0.990624
0.000010 0.000165 0.000010 0.002449 0.001235 0.004333 0.991799
0.000010 0.000844 0.000010 0.000010 0.000010 0.004094 0.995021
0.001100 0.001534 0.000010 0.006453 0.001552 0.004270 0.985080
0.006774 0.000010 0.006478 0.000010 0.000010 0.000010 0.986708
0.002337 0.007401 0.000010 0.008182 0.000010 0.000010 0.982050
0.000010 0.000010 0.000010 0.004140 0.000010 0.001267 0.994553
0.000010 0.003528 0.000010 0.002975 0.000010 0.000010 0.993457
0.001294 0.000010 0.003530 0.003663 0.002884 0.000049 0.988571
0.004016 0.006928 0.002289 0.000998 0.000010 0.000010 0.985749
0.005519 0.000015 0.000010 0.003742 0.000010 0.000010 0.990695
0.000010 0.000010 0.011416 0.005009 0.000010 0.000010 0.983535
0.000813 0.004071 0.001879 0.000010 0.000010 0.000010 0.993207
0.002946 0.000010 0.000010 0.000010 0.000010 0.000010 0.997004
0.000010 0.000010 0.006800 0.000010 0.000010 0.000135 0.993025
0.001174 0.000606 0.006324 0.001139 0.001370 0.000010 0.989378
0.000010 0.000010 0.006918 0.000010 0.000010 0.000010 0.993032
0.004634 0.001583 0.000010 0.000010 0.000010 0.002812 0.990940
0.000433 0.006167 0.000010 0.000010 0.002832 0.006661 0.983888
0.000010 0.000010 0.000010 0.000010 0.001359 0.003982 0.994619
0.000010 0.000010 0.001646 0.000010 0.000010 0.000010 0.998304
0.003724 0.000010 0.000010 0.000010 0.000010 0.000010 0.996226
0.000905 0.004041 0.000010 0.003906 0.000010 0.003076 0.988053
0.002424 0.000010 0.000010 0.011039 0.000010 0.000010 0.986497
0.000010 0.002290 0.010641 0.007815 0.002017 0.000010 0.977217
0.000236 0.005712 0.000010 0.000046 0.003105 0.000010 0.990881
0.000010 0.000530 0.000010 0.000010 0.001314 0.003826 0.994300
0.000010 0.000010 0.000253 0.000010 0.000010 0.001494 0.998214
0.000010 0.000010 0.000010 0.007682 0.000010 0.000010 0.992268
0.000010 0.000010 0.003461 0.000010 0.000010 0.000010 0.996489
0.000010 0.000010 0.000010 0.000010 0.000010 0.003685 0.996265
0.000010 0.000010 0.000010 0.029239 0.502019 0.000010 0.468702
0.000010 0.000010 0.005771 0.000010 0.000010 0.000010 0.994179
0.000010 0.000010 0.000010 0.000010 0.000010 0.000010 0.999940
0.000010 0.009943 0.000010 0.001283 0.002180 0.003348 0.983225
0.000010 0.002921 0.000195 0.002385 0.000010 0.000632 0.993847
0.000010 0.006391 0.004984 0.000010 0.000940 0.000010 0.987655
0.003770 0.000010 0.003977 0.000010 0.000010 0.000010 0.992213
0.000010 0.000014 0.000010 0.005420 0.000010 0.004614 0.989922
0.000010 0.007270 0.000010 0.005039 0.000010 0.000010 0.987651
0.009932 0.000010 0.000010 0.006496 0.000010 0.001740 0.981802
0.001376 0.000010 0.000356 0.000010 0.001999 0.000010 0.996238
0.000010 0.011171 0.000010 0.000010 0.000010 0.000647 0.988141
0.000010 0.000012 0.002862 0.002090 0.000010 0.000010 0.995006
0.000010 0.006073 0.000010 0.002955 0.000010 0.000011 0.990931
0.000010 0.000010 0.000010 0.005603 0.003043 0.000010 0.991314
0.000010 0.006723 0.000010 0.000010 0.000010 0.000010 0.993227
0.000010 0.000010 0.002267 0.005191 0.002124 0.000010 0.990388
0.000010 0.000010 0.000010 0.004553 0.000010 0.000010 0.995397
0.001597 0.000010 0.001513 0.002993 0.001747 0.000010 0.992130
0.000011 0.000011 0.000010 0.004161 0.000010 0.000010 0.995787
0.001701 0.000010 0.000010 0.000010 0.000010 0.000010 0.998249
0.000010 0.000010 0.000540 0.000010 0.000010 0.001340 0.998081
0.000010 0.000010 0.000010 0.004097 0.000010 0.000010 0.995853
0.000010 0.000010 0.004108 0.000010 0.003649 0.000010 0.992203
0.000010 0.001663 0.000010 0.000975 0.000010 0.006280 0.991052
0.003613 0.000010 0.002209 0.004722 0.000010 0.000010 0.989426
0.006997 0.000010 0.000982 0.001344 0.000010 0.000010 0.990647
0.000777 0.002066 0.000010 0.002202 0.000010 0.000010 0.994925
0.006866 0.000010 0.000010 0.004173 0.000010 0.000010 0.988921
0.003760 0.002217 0.000010 0.008609 0.000010 0.000010 0.985384
0.001620 0.000010 0.003131 0.000010 0.000010 0.000010 0.995209
0.000010 0.000010 0.001430 0.000010 0.000010 0.002597 0.995933
0.002215 0.003395 0.000010 0.000010 0.002896 0.001334 0.990140
0.000067 0.000010 0.001652 0.000010 0.000010 0.000010 0.998241
0.000010 0.004641 0.000010 0.002047 0.000010 0.002623 0.990658
0.004713 0.000163 0.000010 0.000010 0.000132 0.000010 0.994961
0.000010 0.000010 0.000010 0.000010 0.000014 0.000010 0.999936
0.000715 0.000011 0.000010 0.000010 0.002006 0.000010 0.997239
0.000010 0.003813 0.000010 0.000010 0.000010 0.000010 0.996137
0.000010 0.005868 0.000010 0.000010 0.001018 0.000010 0.993074
0.000010 0.005056 0.000010 0.001330 0.000010 0.001233 0.992350
0.002677 0.000010 0.001032 0.000010 0.000010 0.000010 0.996251
0.001073 0.000012 0.000010 0.003392 0.001357 0.004343 0.989814
0.000010 0.000011 0.000010 0.006314 0.000010 0.000010 0.993635
0.000347 0.000010 0.000010 0.002256 0.000598 0.002880 0.993898
0.000010 0.001718 0.000010 0.000010 0.000010 0.000010 0.998232
0.003240 0.003716 0.000010 0.004709 0.000017 0.000010 0.988298
0.000010 0.000010 0.000010 0.000782 0.000010 0.000010 0.999168
0.000012 0.004373 0.000233 0.000426 0.000010 0.000010 0.994936
0.005590 0.000010 0.000010 0.000010 0.003083 0.000010 0.991287
0.000010 0.000010 0.000411 0.003085 0.000010 0.000040 0.996434
0.000010 0.000132 0.000010 0.000010 0.001684 0.007845 0.990309
0.000010 0.000010 0.000010 0.000010 0.000010 0.000010 0.999940
0.006741 0.005481 0.000010 0.004085 0.001730 0.000010 0.981941
0.000730 0.000010 0.000086 0.004613 0.000010 0.000010 0.994542
0.000010 0.007624 0.000010 0.000010 0.000010 0.000010 0.992326
0.000010 0.001306 0.003028 0.005319 0.000010 0.003035 0.987292
0.001841 0.001268 0.000010 0.000010 0.000815 0.007865 0.988191
0.000010 0.007342 0.000010 0.000010 0.000012 0.000010 0.992606
0.000010 0.000010 0.002876 0.000010 0.000010 0.000010 0.997074
0.004094 0.000010 0.000010 0.008383 0.000010 0.003354 0.984139
0.000010 0.000010 0.006176 0.004985 0.000485 0.000010 0.988324
0.000010 0.005921 0.000010 0.004090 0.000010 0.000010 0.989948
0.000010 0.001113 0.000032 0.007256 0.000010 0.000010 0.991569
0.000010 0.000010 0.000420 0.001863 0.000010 0.000010 0.997678
0.000010 0.000010 0.000295 0.000529 0.000010 0.000010 0.999136
0.000010 0.000010 0.000010 0.006226 0.000010 0.000010 0.993724
0.000925 0.000010 0.000010 0.000010 0.000010 0.003128 0.995907
0.000010 0.003602 0.001998 0.000108 0.000010 0.000010 0.994262
0.000010 0.000010 0.004036 0.000010 0.000011 0.000010 0.995913
0.160334 0.061052 0.000010 0.026789 0.004894 0.005930 0.740990
0.000010 0.004682 0.000010 0.007000 0.000010 0.003220 0.985068
0.000014 0.000603 0.000010 0.000010 0.000010 0.002245 0.997107
0.000010 0.000010 0.000010 0.000010 0.002369 0.000010 0.997581
0.000010 0.005705 0.000010 0.000302 0.000010 0.000010 0.993953
0.000010 0.000010 0.000228 0.000010 0.000244 0.002993 0.996504
0.001345 0.000010 0.003843 0.001556 0.000010 0.000010 0.993226
0.002413 0.003124 0.000010 0.000010 0.000011 0.000010 0.994422
0.000010 0.005070 0.000010 0.000010 0.000010 0.005470 0.989419
0.002157 0.000010 0.000010 0.000010 0.000010 0.002397 0.995405
0.000010 0.000010 0.000010 0.002770 0.000010 0.004032 0.993158
0.000010 0.004541 0.000010 0.000010 0.001032 0.006874 0.987522
0.000010 0.004585 0.000010 0.000010 0.000010 0.000010 0.995365
0.000010 0.000010 0.000010 0.000010 0.000010 0.001049 0.998901
0.000010 0.007592 0.000010 0.000011 0.000010 0.000010 0.992357
0.000010 0.000010 0.000414 0.002360 0.000010 0.000010 0.997186
0.000010 0.004762 0.000010 0.000010 0.000139 0.000010 0.995059
0.000010 0.001327 0.000010 0.000010 0.000010 0.000010 0.998623
0.000010 0.003972 0.000010 0.005388 0.000010 0.000010 0.990599
0.001929 0.003853 0.000010 0.002178 0.000010 0.000010 0.992009
0.000898 0.002816 0.000010 0.000010 0.000010 0.006154 0.990102
0.004722 0.002950 0.000010 0.000010 0.000010 0.000010 0.992288
0.000010 0.000010 0.000010 0.000010 0.000010 0.000010 0.999940
0.000010 0.000010 0.000010 0.000010 0.000010 0.000010 0.999940
0.000010 0.000010 0.000010 0.000010 0.000010 0.004918 0.995032
0.000171 0.002937 0.000010 0.003099 0.003209 0.000010 0.990564
0.006480 0.000010 0.000010 0.007031 0.000010 0.004303 0.982156
0.003277 0.006917 0.000010 0.000010 0.000010 0.000010 0.989766
0.000010 0.000010 0.000010 0.004034 0.000010 0.000010 0.995916
0.000010 0.000010 0.001154 0.000010 0.002552 0.000613 0.995651
0.005894 0.000462 0.000010 0.006040 0.001779 0.000795 0.985020
0.001963 0.000011 0.000010 0.000010 0.000010 0.000010 0.997986
0.000010 0.000010 0.000010 0.000010 0.003404 0.004088 0.992468
0.000010 0.000010 0.000010 0.000010 0.004129 0.004956 0.990875
0.000010 0.000010 0.001287 0.003026 0.000010 0.000010 0.995648
0.004475 0.000010 0.000010 0.000010 0.000010 0.000097 0.995389
0.000010 0.001282 0.000010 0.000010 0.001637 0.000010 0.997041
0.002031 0.000010 0.005763 0.000561 0.000010 0.000010 0.991615
0.000010 0.000010 0.000010 0.000010 0.001365 0.000010 0.998585
0.003163 0.000010 0.000010 0.000010 0.000010 0.000010 0.996787
0.000010 0.000010 0.004525 0.002061 0.000010 0.000010 0.993374
0.000011 0.001025 0.000010 0.000010 0.000010 0.002867 0.996067
0.000010 0.000010 0.005657 0.004525 0.000010 0.000010 0.989778
0.000010 0.000015 0.000010 0.000010 0.000010 0.000010 0.999935
0.000010 0.005891 0.000010 0.000855 0.000010 0.000492 0.992733
0.003352 0.000196 0.000451 0.000010 0.000010 0.000010 0.995971
0.000770 0.000013 0.000010 0.002312 0.000010 0.007283 0.989602
0.000010 0.000017 0.000010 0.000010 0.001309 0.002182 0.996462
0.000010 0.000010 0.000010 0.000010 0.000010 0.005592 0.994358
0.000739 0.000010 0.000010 0.005973 0.000010 0.001361 0.991898
0.000432 0.000010 0.000010 0.003329 0.000010 0.000010 0.996198
0.014488 0.000010 0.000010 0.018727 0.001015 0.000010 0.965741
0.000010 0.006374 0.000010 0.000010 0.000010 0.000617 0.992969
0.000010 0.000016 0.000010 0.002332 0.000010 0.000010 0.997612
0.000010 0.000010 0.000010 0.001251 0.000281 0.004032 0.994407
0.000554 0.000010 0.000010 0.003919 0.000010 0.000010 0.995487
0.000010 0.000010 0.000010 0.003160 0.000010 0.003855 0.992945
0.000010 0.003022 0.000010 0.004504 0.000983 0.004618 0.986854
0.000010 0.002218 0.000010 0.000010 0.000010 0.001913 0.995828
0.000010 0.000010 0.002523 0.000010 0.000010 0.000010 0.997427
0.000019 0.003294 0.000010 0.000765 0.000010 0.000010 0.995892
0.000010 0.006541 0.000010 0.000010 0.000013 0.000010 0.993407
0.000010 0.000010 0.000010 0.000010 0.000010 0.000010 0.999940
0.000010 0.000010 0.000010 0.005188 0.002011 0.000010 0.992761
0.001498 0.000379 0.000010 0.000010 0.000010 0.002560 0.995533
0.000011 0.000010 0.000010 0.001173 0.000010 0.003511 0.995275
0.008074 0.005916 0.000010 0.000010 0.000010 0.000323 0.985658
0.001326 0.000010 0.000010 0.002762 0.000010 0.001337 0.994545
0.002302 0.000857 0.000010 0.007422 0.000010 0.000010 0.989389
0.000520 0.000010 0.000010 0.000010 0.000010 0.000010 0.999430
0.000010 0.002160 0.000010 0.000010 0.000010 0.000010 0.997790
0.000010 0.003998 0.000010 0.000620 0.000010 0.000010 0.995342
0.000011 0.000010 0.006220 0.000010 0.000010 0.000010 0.993729
0.000010 0.002437 0.000010 0.000010 0.000010 0.006336 0.991188
0.000912 0.000010 0.001374 0.000010 0.000010 0.000800 0.996884
0.002807 0.000010 0.001984 0.006342 0.000010 0.000010 0.988837
0.000010 0.000010 0.000010 0.002082 0.000010 0.005867 0.992011
0.003653 0.000010 0.000273 0.002655 0.001162 0.000010 0.992238
0.000010 0.000010 0.010448 0.000011 0.000010 0.000010 0.989502
0.000277 0.009002 0.000010 0.002209 0.000010 0.000010 0.988482
0.003818 0.000010 0.000010 0.003062 0.000010 0.000010 0.993079
0.000519 0.001073 0.000010 0.000010 0.000010 0.004020 0.994358
0.004099 0.007236 0.000010 0.002077 0.000010 0.001697 0.984871
0.000010 0.000010 0.000010 0.000010 0.000010 0.000010 0.999940
0.001948 0.000016 0.000010 0.000010 0.000010 0.000010 0.997997
0.000010 0.000010 0.000010 0.000010 0.000010 0.000010 0.999940
0.005422 0.003708 0.000010 0.000097 0.000010 0.000010 0.990743
0.000010 0.002731 0.000010 0.001223 0.000010 0.000010 0.996006
0.002778 0.010055 0.000010 0.000010 0.002199 0.000010 0.984938
0.000010 0.003785 0.000010 0.000010 0.000010 0.002971 0.993204
0.000010 0.000010 0.000011 0.000010 0.000010 0.000010 0.999939
0.000010 0.000010 0.001020 0.000097 0.000010 0.000010 0.998843
0.000010 0.000010 0.000010 0.000010 0.002793 0.002036 0.995132
0.003627 0.000071 0.000010 0.000010 0.000010 0.000010 0.996263
0.000010 0.000010 0.000010 0.000010 0.000010 0.000010 0.999940
0.003944 0.005414 0.000010 0.000010 0.000010 0.003120 0.987492
0.000010 0.000010 0.000010 0.000010 0.001917 0.003404 0.994639
0.000010 0.000010 0.000010 0.000010 0.000010 0.003204 0.996746
0.000010 0.000010 0.001410 0.000010 0.000010 0.000010 0.998540
0.002568 0.000010 0.000010 0.000010 0.000014 0.000010 0.997378
0.000010 0.006465 0.000010 0.000010 0.000010 0.000010 0.993484
0.000011 0.000011 0.000010 0.000010 0.000010 0.000010 0.999939
0.000010 0.004926 0.000010 0.000010 0.000422 0.000010 0.994611
0.000010 0.000010 0.005904 0.002268 0.000010 0.000010 0.991788
0.004397 0.000010 0.002427 0.001649 0.000010 0.000010 0.991498
0.009454 0.000010 0.000010 0.001960 0.000010 0.000010 0.988547
0.000010 0.000011 0.000010 0.000010 0.000357 0.000010 0.999591
0.000010 0.000010 0.000010 0.000328 0.000010 0.006332 0.993300
0.000010 0.000010 0.000010 0.000010 0.000010 0.000010 0.999940
0.000010 0.000010 0.000010 0.000010 0.001985 0.003912 0.994063
0.001813 0.002435 0.000010 0.001094 0.000010 0.000010 0.994629
0.000010 0.002146 0.000010 0.000010 0.000010 0.000010 0.997804
0.000010 0.003333 0.000010 0.000221 0.000010 0.000010 0.996406
0.000011 0.014036 0.000010 0.005128 0.002592 0.000010 0.978213
0.000010 0.002120 0.000010 0.000010 0.001788 0.000010 0.996053
0.000010 0.000927 0.000529 0.002577 0.002238 0.000010 0.993709
0.001399 0.000010 0.000010 0.002510 0.000010 0.000010 0.996051
0.000010 0.003536 0.000010 0.000010 0.000010 0.003739 0.992685
0.001287 0.000109 0.002261 0.000010 0.000010 0.000010 0.996313
0.000010 0.000010 0.000010 0.000010 0.000010 0.000010 0.999940
0.000010 0.000010 0.003851 0.002725 0.000010 0.000010 0.993384
0.000010 0.000010 0.001492 0.000010 0.000010 0.000010 0.998458
0.000010 0.000011 0.000010 0.003596 0.000010 0.004567 0.991796
0.000010 0.000010 0.000010 0.000010 0.000010 0.000010 0.999940
0.003714 0.010866 0.000010 0.004635 0.000010 0.000010 0.980754
0.002495 0.000576 0.000317 0.000010 0.000010 0.000010 0.996582
0.000010 0.004444 0.000010 0.001466 0.000010 0.003264 0.990796
0.000012 0.003563 0.000010 0.001154 0.000010 0.000010 0.995242
0.002901 0.002189 0.000010 0.000010 0.000010 0.001306 0.993574
0.009065 0.000010 0.000010 0.000010 0.000010 0.000010 0.990885
0.000010 0.005243 0.000010 0.000010 0.000010 0.000010 0.994707
0.000010 0.000015 0.000010 0.000010 0.002015 0.000010 0.997930
0.000010 0.000010 0.000010 0.000010 0.000010 0.003002 0.996948
0.000010 0.000010 0.000010 0.003191 0.002697 0.004868 0.989214
0.000010 0.004988 0.000010 0.000010 0.000010 0.000010 0.994962
0.000010 0.003351 0.000010 0.000010 0.000010 0.002851 0.993758
0.000010 0.006172 0.000010 0.000010 0.001209 0.004963 0.987626
0.009431 0.005125 0.000010 0.000010 0.000010 0.000010 0.985404
0.000010 0.000010 0.003250 0.000010 0.000010 0.000010 0.996700
0.000010 0.004689 0.000010 0.001147 0.000010 0.000010 0.994124
0.000010 0.000010 0.000010 0.000010 0.000010 0.000010 0.999940
0.000010 0.000010 0.000010 0.003376 0.000010 0.000883 0.995700
0.000010 0.010595 0.000010 0.004786 0.001453 0.003678 0.979469
0.002956 0.000010 0.000010 0.002463 0.000010 0.001982 0.992569
0.000010 0.000020 0.000010 0.003292 0.000010 0.003347 0.993311
0.000010 0.000010 0.003866 0.000151 0.000010 0.000010 0.995943
0.000010 0.000010 0.000010 0.004113 0.000078 0.004171 0.991609
0.000015 0.000010 0.000010 0.000010 0.000010 0.000010 0.999935
0.002422 0.000014 0.000010 0.000010 0.001208 0.000010 0.996327
0.000780 0.000010 0.000010 0.000010 0.002407 0.000010 0.996772
0.000010 0.000010 0.003819 0.000011 0.000010 0.000010 0.996130
0.000010 0.000016 0.000010 0.000010 0.000010 0.002416 0.997528
0.000010 0.004147 0.001048 0.000010 0.000010 0.000010 0.994765
0.005818 0.001122 0.000010 0.000010 0.002264 0.000010 0.990767
0.001367 0.000010 0.000495 0.002629 0.000010 0.000042 0.995448
0.000010 0.000014 0.000010 0.004367 0.000010 0.003954 0.991634
0.000010 0.003524 0.000010 0.002227 0.000010 0.000010 0.994209
0.000010 0.000010 0.001580 0.000010 0.000010 0.000010 0.998370
0.000682 0.003277 0.000010 0.002613 0.000010 0.000010 0.993399
0.000010 0.000010 0.000010 0.001323 0.000010 0.004594 0.994043
0.000139 0.000010 0.000010 0.000010 0.000010 0.001791 0.998030
0.004371 0.001415 0.000010 0.014268 0.000010 0.004714 0.975212
0.002423 0.009634 0.000010 0.006736 0.001406 0.004861 0.974931
0.000010 0.002913 0.000010 0.000010 0.000010 0.000010 0.997037
0.000010 0.000010 0.003388 0.000013 0.000010 0.000010 0.996559
0.000010 0.000010 0.000010 0.000010 0.000010 0.004384 0.995566
0.001005 0.000010 0.002608 0.000243 0.000011 0.000010 0.996113
0.000010 0.000010 0.002756 0.000010 0.000010 0.000010 0.997194
0.000010 0.001549 0.003124 0.000557 0.000010 0.000010 0.994739
0.000010 0.001307 0.000010 0.000010 0.000010 0.000010 0.998643
0.000010 0.004665 0.000010 0.001741 0.001343 0.000010 0.992221
0.000010 0.000010 0.000010 0.000010 0.000010 0.004797 0.995153
0.000010 0.000010 0.000010 0.003536 0.001795 0.000010 0.994629
0.000010 0.000010 0.000010 0.000010 0.000010 0.000010 0.999940
0.000010 0.000010 0.000010 0.000010 0.000010 0.003804 0.996146
0.000010 0.000014 0.000010 0.002762 0.000010 0.000010 0.997184
0.000010 0.011012 0.000010 0.001438 0.000010 0.000010 0.987510
0.000010 0.000520 0.000010 0.000010 0.000010 0.000010 0.999430
0.000433 0.000010 0.003993 0.000119 0.000010 0.001845 0.993590
0.000010 0.005689 0.000010 0.000559 0.000010 0.002336 0.991387
0.000010 0.000010 0.000010 0.000010 0.000010 0.000010 0.999940
0.000010 0.000011 0.000015 0.000010 0.000010 0.000010 0.999935
0.000010 0.000010 0.000010 0.001254 0.002538 0.000010 0.996168
0.000010 0.000010 0.000010 0.000010 0.000010 0.003433 0.996517
0.000010 0.004404 0.000010 0.002166 0.000010 0.000010 0.993390
0.000010 0.004367 0.000010 0.000529 0.000010 0.007429 0.987645
0.002222 0.000010 0.000010 0.005207 0.001222 0.000010 0.991320
0.000010 0.000010 0.000010 0.006107 0.002484 0.000010 0.991369
0.000010 0.009764 0.000010 0.000010 0.001147 0.000010 0.989050
0.000010 0.003767 0.001009 0.000010 0.000010 0.000010 0.995185
0.000010 0.005376 0.001321 0.000010 0.000010 0.000010 0.993263
0.000010 0.000010 0.002154 0.000010 0.000010 0.000010 0.997796
0.000530 0.005730 0.000010 0.003773 0.000010 0.000010 0.989936
0.000010 0.004062 0.000010 0.000010 0.000010 0.000010 0.995888
0.000010 0.000010 0.000010 0.000010 0.000010 0.004655 0.995295
0.000010 0.004918 0.000010 0.000010 0.000199 0.000010 0.994843
0.000375 0.000010 0.001997 0.000010 0.000010 0.004977 0.992622
0.000010 0.000010 0.000010 0.000010 0.000010 0.000010 0.999940
0.000010 0.000010 0.016013 0.006862 0.000010 0.000010 0.977086
0.000010 0.000010 0.000010 0.000010 0.000010 0.000010 0.999940
0.000010 0.000010 0.002765 0.000010 0.000010 0.000010 0.997185
0.000010 0.000010 0.004075 0.000010 0.000010 0.000632 0.995252
0.000010 0.000010 0.000010 0.001871 0.000010 0.000719 0.997370
0.000010 0.007894 0.000010 0.004472 0.000010 0.000010 0.987594
0.000010 0.000010 0.000942 0.000010 0.000010 0.000010 0.999008
0.000010 0.004472 0.000010 0.000342 0.000010 0.004044 0.991112
0.000010 0.000010 0.000827 0.000010 0.000010 0.000162 0.998970
0.000010 0.001024 0.000010 0.000010 0.000013 0.006577 0.992356
0.004280 0.000010 0.000010 0.000010 0.000010 0.000010 0.995670
0.000010 0.002032 0.000010 0.000010 0.001826 0.002069 0.994042
0.000010 0.000010 0.000010 0.005700 0.000010 0.000010 0.994250
0.011228 0.000010 0.000010 0.018229 0.000010 0.004698 0.965815
0.000010 0.006130 0.000010 0.000010 0.000010 0.000010 0.993820
0.000010 0.000010 0.000010 0.000010 0.000977 0.000010 0.998973
0.002821 0.003037 0.000010 0.000010 0.000239 0.000010 0.993874
0.000010 0.005657 0.000010 0.000010 0.000010 0.000521 0.993781
0.000010 0.000442 0.000010 0.000010 0.000010 0.000779 0.998738
0.000010 0.005561 0.000010 0.002094 0.000010 0.002132 0.990183
0.000010 0.000010 0.000010 0.000010 0.000010 0.000010 0.999940
0.000010 0.000011 0.000010 0.000889 0.000010 0.004797 0.994273
0.000010 0.002140 0.000010 0.000010 0.000010 0.000010 0.997810
0.000010 0.000010 0.000010 0.002166 0.000010 0.000010 0.997784
0.000010 0.001382 0.000010 0.003100 0.000010 0.000010 0.995478
0.002981 0.000010 0.000010 0.000010 0.000010 0.000010 0.996969
0.000010 0.000010 0.000010 0.000010 0.000010 0.000010 0.999940
0.000010 0.004852 0.000010 0.000010 0.000010 0.000010 0.995098
0.000010 0.000010 0.000010 0.000010 0.000010 0.000010 0.999940
0.000010 0.011522 0.000010 0.000010 0.001807 0.000010 0.986630
0.000800 0.000010 0.000425 0.003697 0.000010 0.000010 0.995047
0.006072 0.000010 0.000010 0.000010 0.000010 0.001135 0.992753
0.002456 0.000010 0.005510 0.000010 0.000010 0.000010 0.991994
0.000010 0.000010 0.000010 0.006626 0.000010 0.000010 0.993324
0.000010 0.006941 0.000010 0.000010 0.000010 0.000010 0.993009
0.000010 0.000010 0.000010 0.005238 0.000011 0.000010 0.994711
0.000010 0.000010 0.003309 0.000010 0.000010 0.000010 0.996641
0.000010 0.000010 0.003221 0.000010 0.000010 0.000010 0.996729
0.000010 0.009407 0.000010 0.002046 0.000010 0.004434 0.984084
0.004486 0.000294 0.000010 0.000010 0.001914 0.000010 0.993276
0.000010 0.000010 0.000010 0.000010 0.000010 0.000010 0.999940
0.004179 0.000010 0.002125 0.001247 0.000954 0.000010 0.991475
0.001375 0.000010 0.001586 0.000010 0.000010 0.000010 0.996999
0.001499 0.000010 0.000010 0.004147 0.000010 0.000010 0.994313
0.003208 0.001019 0.000010 0.001183 0.000010 0.001190 0.993381
0.001589 0.000010 0.004080 0.000010 0.000010 0.000010 0.994291
0.000010 0.000010 0.002937 0.000075 0.000976 0.001159 0.994833
0.002004 0.000010 0.000010 0.000201 0.000010 0.002246 0.995519
0.000010 0.003245 0.000010 0.000010 0.000010 0.000010 0.996705
0.000010 0.006223 0.000010 0.001333 0.000010 0.000010 0.992404
0.000010 0.000010 0.000758 0.005053 0.000010 0.004030 0.990129
0.002437 0.000010 0.002012 0.001984 0.000010 0.005281 0.988266
0.000762 0.000010 0.002813 0.000010 0.000010 0.000010 0.996385
0.005032 0.000010 0.000010 0.000948 0.000010 0.000010 0.993980
0.000010 0.000010 0.000010 0.002864 0.001837 0.000010 0.995259
0.001603 0.000010 0.003564 0.000010 0.000010 0.000010 0.994792
0.000012 0.000010 0.005485 0.004756 0.000010 0.000010 0.989717
0.004838 0.000010 0.000010 0.000010 0.000010 0.000010 0.995112
0.000010 0.003820 0.000010 0.004642 0.000010 0.000010 0.991498
0.000010 0.008782 0.000010 0.000061 0.000559 0.006243 0.984335
0.000010 0.000010 0.000010 0.000010 0.000010 0.000010 0.999940
0.000010 0.000010 0.004143 0.000010 0.000010 0.000010 0.995807
0.000010 0.000010 0.000010 0.004648 0.000010 0.000010 0.995302
0.000010 0.000010 0.000964 0.000363 0.000010 0.000010 0.998634
0.004811 0.000333 0.000010 0.000014 0.001998 0.000010 0.992824
0.003786 0.000010 0.000010 0.000010 0.000010 0.003434 0.992739
0.000010 0.000010 0.000010 0.004368 0.001869 0.000010 0.993723
0.003245 0.000010 0.000010 0.003010 0.000010 0.002012 0.991703
0.007008 0.000010 0.000104 0.000777 0.000010 0.000010 0.992082
0.006054 0.000010 0.001048 0.000010 0.000010 0.000010 0.992858
0.000838 0.000010 0.001194 0.002034 0.000010 0.000010 0.995904
0.000010 0.006904 0.000010 0.000010 0.000010 0.000010 0.993046
0.003219 0.000731 0.000010 0.001582 0.000010 0.000010 0.994438
0.006303 0.000010 0.001715 0.000010 0.000010 0.001262 0.990691
0.000010 0.000010 0.000019 0.000010 0.000010 0.002128 0.997813
0.001403 0.000233 0.000010 0.000012 0.000010 0.005524 0.992809
0.002195 0.000010 0.000010 0.002178 0.003455 0.000010 0.992142
0.000010 0.005687 0.000010 0.000010 0.000010 0.000010 0.994263
0.000010 0.000010 0.001671 0.000010 0.000010 0.000010 0.998279
0.002859 0.002210 0.000010 0.001973 0.000010 0.000010 0.992928
0.014026 0.003109 0.000010 0.011231 0.002406 0.001624 0.967593
0.000010 0.000011 0.009585 0.003181 0.000010 0.000010 0.987194
0.008377 0.000010 0.000010 0.000010 0.000010 0.000010 0.991573
0.000016 0.000010 0.007068 0.000010 0.000010 0.000010 0.992875
0.000010 0.000010 0.000010 0.000010 0.000010 0.000010 0.999940
0.000010 0.000014 0.002876 0.000010 0.000010 0.000010 0.997071
0.000010 0.002315 0.000010 0.000010 0.000410 0.001599 0.995646
0.000010 0.000010 0.000010 0.000010 0.000010 0.000010 0.999940
0.000010 0.000010 0.000010 0.000010 0.000010 0.000010 0.999940
0.002880 0.000010 0.000010 0.000903 0.000010 0.000010 0.996177
0.000011 0.000010 0.029137 0.032633 0.000010 0.000010 0.938189
0.003987 0.000010 0.000010 0.000010 0.000010 0.000010 0.995963
0.000010 0.000010 0.000010 0.000010 0.000334 0.000010 0.999616
0.001921 0.004136 0.000010 0.001492 0.000010 0.000010 0.992421
0.000010 0.002675 0.003508 0.003612 0.000010 0.003302 0.986883
0.000010 0.000512 0.000010 0.005027 0.000010 0.000010 0.994421
0.000010 0.000010 0.000010 0.000010 0.000010 0.000010 0.999940
0.004036 0.000857 0.000010 0.000591 0.000010 0.000088 0.994407
0.000010 0.002099 0.000010 0.007209 0.000010 0.003023 0.987639
0.026689 0.076655 0.000010 0.003808 0.013899 0.006241 0.872698
0.000634 0.000010 0.000010 0.003836 0.000010 0.000010 0.995490
0.000010 0.001545 0.000518 0.002726 0.000010 0.000010 0.995182
0.004792 0.000010 0.000496 0.000010 0.000010 0.000010 0.994671
0.000010 0.000010 0.000010 0.000010 0.000916 0.002394 0.996650
0.000010 0.000010 0.000010 0.004312 0.000010 0.000010 0.995638
0.000010 0.000010 0.000010 0.007546 0.000010 0.000010 0.992404
0.000010 0.000010 0.001613 0.000983 0.000010 0.000010 0.997364
0.000040 0.001220 0.000010 0.003176 0.000010 0.007308 0.988236
0.000010 0.000010 0.003051 0.000010 0.000010 0.000010 0.996899
0.000011 0.006718 0.000010 0.003516 0.000571 0.000457 0.988716
0.000010 0.000011 0.000543 0.005281 0.000010 0.000010 0.994135
0.001040 0.000010 0.000010 0.001724 0.000010 0.000010 0.997196
0.000010 0.000010 0.009503 0.000010 0.000010 0.000010 0.990447
0.000010 0.073975 0.000010 0.000010 0.000010 0.052063 0.873922
0.003130 0.005711 0.000010 0.002297 0.000010 0.000010 0.988832
0.000202 0.003887 0.000010 0.005142 0.000962 0.000010 0.989786
0.000010 0.010774 0.000010 0.000010 0.000010 0.000010 0.989176
0.003546 0.000010 0.000010 0.000135 0.000010 0.000010 0.996279
0.005968 0.000014 0.003750 0.000010 0.000010 0.000010 0.990238
0.000010 0.000010 0.002343 0.000673 0.000010 0.003467 0.993487
0.000010 0.000010 0.002918 0.001838 0.000010 0.000010 0.995204
0.002581 0.000010 0.000010 0.000010 0.000010 0.001035 0.996344
0.000011 0.000010 0.004474 0.002284 0.000874 0.000010 0.992337
0.005691 0.000010 0.000010 0.000010 0.000010 0.000010 0.994259
0.000010 0.000010 0.000010 0.003590 0.000010 0.001152 0.995218
0.001161 0.000227 0.000010 0.003884 0.000010 0.000010 0.994698
0.002581 0.000010 0.000527 0.000010 0.000010 0.000010 0.996853
0.000010 0.007704 0.000010 0.001565 0.001366 0.002702 0.986643
0.000010 0.000010 0.000010 0.002625 0.000011 0.000010 0.997324
0.000010 0.000010 0.000010 0.005240 0.000010 0.000010 0.994710
0.003444 0.000010 0.000010 0.000010 0.000012 0.000010 0.996504
0.004405 0.000909 0.000010 0.000010 0.000010 0.000010 0.994646
0.003072 0.000010 0.000010 0.001687 0.000010 0.000457 0.994754
0.000010 0.000010 0.003576 0.000010 0.000010 0.000010 0.996374
0.000010 0.004333 0.000010 0.000010 0.000010 0.000010 0.995617
0.000010 0.000010 0.001888 0.000431 0.000010 0.000010 0.997640
0.001298 0.000010 0.014756 0.010783 0.000010 0.000010 0.973133
0.003809 0.005227 0.000010 0.004977 0.000010 0.000010 0.985957
0.008450 0.003643 0.000010 0.000010 0.000010 0.000010 0.987867
0.000010 0.000010 0.001443 0.001940 0.000010 0.000010 0.996577
0.002282 0.005423 0.000010 0.001093 0.000010 0.002814 0.988367
0.000010 0.000010 0.002875 0.000010 0.000010 0.001172 0.995913
0.000010 0.000010 0.000647 0.001811 0.000010 0.000010 0.997501
0.000796 0.000010 0.000010 0.006191 0.000010 0.002931 0.990051
0.000010 0.000835 0.000010 0.000010 0.000010 0.008694 0.990430
0.000010 0.009472 0.000010 0.000010 0.001322 0.002790 0.986386
0.006340 0.003745 0.000010 0.002033 0.000010 0.000010 0.987853
0.004027 0.004005 0.000010 0.002793 0.000010 0.001109 0.988046
0.001411 0.004444 0.000010 0.000697 0.000010 0.001562 0.991865
0.003497 0.007915 0.000010 0.000015 0.000010 0.000010 0.988542
0.003138 0.000010 0.000160 0.000010 0.000010 0.003111 0.993561
0.000010 0.000010 0.000429 0.003568 0.000010 0.000010 0.995963
0.001037 0.000010 0.001547 0.001581 0.000010 0.000010 0.995806
0.000010 0.000010 0.002600 0.003130 0.000010 0.000010 0.994231
0.001163 0.000010 0.000010 0.001728 0.000010 0.000010 0.997069
0.004020 0.007235 0.000010 0.002570 0.002630 0.000010 0.983525
0.000010 0.003959 0.000010 0.008599 0.000010 0.003013 0.984399
0.000010 0.004770 0.000010 0.000010 0.000010 0.000010 0.995180
0.000010 0.003137 0.000010 0.000010 0.000010 0.000010 0.996813
0.000010 0.000010 0.000010 0.000010 0.000891 0.003703 0.995366
0.000010 0.000010 0.000010 0.000010 0.000689 0.000010 0.999261
0.000010 0.000010 0.000010 0.000010 0.000010 0.000010 0.999940
0.000010 0.000010 0.000010 0.000010 0.001552 0.003678 0.994730
0.000010 0.003054 0.000010 0.001212 0.000010 0.000010 0.995694
0.002526 0.002207 0.002509 0.009362 0.000010 0.000010 0.983376
0.001329 0.000010 0.005544 0.005257 0.000010 0.000010 0.987839
0.000010 0.001064 0.002521 0.000019 0.002717 0.000010 0.993658
0.000010 0.000010 0.000010 0.000010 0.001594 0.000010 0.998356
0.003634 0.000010 0.000286 0.001121 0.000010 0.000010 0.994929
0.000260 0.000010 0.000010 0.005067 0.002641 0.000758 0.991255
0.000011 0.006575 0.000010 0.004886 0.000010 0.000010 0.988499
0.001554 0.000010 0.000010 0.002872 0.000963 0.000010 0.994582
0.001269 0.004091 0.000010 0.000010 0.000012 0.000010 0.994599
0.000010 0.000011 0.000010 0.003551 0.000010 0.000010 0.996398
0.000010 0.009251 0.000010 0.000010 0.000518 0.000010 0.990190
0.000010 0.000010 0.000014 0.002075 0.000010 0.000010 0.997870
0.000010 0.003472 0.000010 0.004648 0.002203 0.000010 0.989647
0.000010 0.003097 0.000010 0.000048 0.000010 0.001424 0.995401
0.000010 0.005896 0.000010 0.000010 0.000229 0.002969 0.990876
0.000633 0.004974 0.002878 0.000011 0.000010 0.000010 0.991484
0.001549 0.000010 0.000010 0.000652 0.000010 0.002809 0.994961
0.000010 0.005036 0.000010 0.002455 0.000010 0.000010 0.992469
0.001678 0.000010 0.000010 0.002823 0.000010 0.000010 0.995459
0.000010 0.005516 0.000010 0.000010 0.000010 0.000010 0.994434
0.000010 0.009707 0.000010 0.000010 0.000010 0.000010 0.990243
0.000010 0.000010 0.002931 0.000010 0.000010 0.000010 0.997019
0.000011 0.006588 0.000010 0.000010 0.000643 0.005382 0.987356
0.001681 0.000010 0.002722 0.000010 0.000010 0.003094 0.992473
0.003710 0.005093 0.000010 0.001188 0.002808 0.000010 0.987181
0.001494 0.000010 0.000010 0.000010 0.000010 0.005555 0.992911
0.000010 0.005301 0.000010 0.000010 0.001941 0.001837 0.990891
0.000010 0.005277 0.000010 0.002219 0.002364 0.000010 0.990110
0.000010 0.000010 0.000010 0.003539 0.000010 0.000010 0.996411
0.000010 0.000010 0.000010 0.001368 0.000883 0.000010 0.997709
0.000010 0.000010 0.000010 0.000010 0.000010 0.000010 0.999940
0.003730 0.000010 0.000010 0.003207 0.000870 0.004142 0.988031
0.000010 0.008657 0.000010 0.000010 0.000010 0.000010 0.991293
0.000010 0.000010 0.000010 0.001362 0.000010 0.000010 0.998588
0.000010 0.000010 0.000010 0.000010 0.000010 0.003473 0.996477
0.000010 0.000010 0.003127 0.000010 0.000010 0.000010 0.996823
0.000010 0.012603 0.000010 0.002343 0.002550 0.001374 0.981110
0.001218 0.000010 0.000010 0.000010 0.000010 0.000010 0.998732
0.000010 0.000934 0.000010 0.004725 0.002048 0.000010 0.992263
0.000010 0.000010 0.001613 0.001878 0.000010 0.000010 0.996469
0.000010 0.000010 0.002231 0.000010 0.000010 0.000010 0.997719
0.000702 0.000010 0.002300 0.006127 0.000010 0.000010 0.990840
0.000010 0.000010 0.000010 0.002136 0.000010 0.001741 0.996083
0.000010 0.000010 0.000010 0.000010 0.000560 0.003592 0.995808
0.000157 0.001055 0.000010 0.002882 0.003541 0.010302 0.982053
0.000011 0.003830 0.001696 0.000010 0.000010 0.000010 0.994432
0.000010 0.001797 0.000017 0.005893 0.000010 0.000010 0.992264
0.000010 0.000010 0.001470 0.000010 0.000010 0.000010 0.998480
0.000011 0.000010 0.000010 0.002339 0.000010 0.000010 0.997611
0.000010 0.002004 0.000010 0.005016 0.000010 0.004827 0.988123
0.000758 0.000765 0.000345 0.000010 0.000010 0.000010 0.998102
0.000010 0.005048 0.000010 0.000010 0.000010 0.002286 0.992626
0.003733 0.000010 0.000010 0.011219 0.000010 0.003588 0.981430
0.000010 0.000010 0.000010 0.005755 0.000012 0.000010 0.994193
0.000010 0.000010 0.004534 0.000951 0.000010 0.000010 0.994475
0.009597 0.000010 0.000010 0.000010 0.000010 0.000846 0.989517
0.000010 0.007288 0.000010 0.000010 0.000010 0.000010 0.992662
0.000010 0.000010 0.000010 0.000010 0.000662 0.001642 0.997656
0.000010 0.004982 0.000010 0.000010 0.001686 0.002662 0.990640
0.003981 0.000010 0.002319 0.000010 0.000010 0.000010 0.993659
0.000010 0.004185 0.000010 0.000010 0.002414 0.000010 0.993361
0.006742 0.000010 0.000010 0.001929 0.000010 0.004133 0.987166
0.006232 0.001591 0.000010 0.001041 0.000010 0.000010 0.991107
0.000010 0.004908 0.000010 0.000039 0.000010 0.000010 0.995014
0.000010 0.000010 0.002280 0.003329 0.000010 0.000010 0.994352
0.000010 0.000010 0.000010 0.005506 0.000010 0.001312 0.993142
0.000010 0.001018 0.000010 0.000010 0.000010 0.000010 0.998932
0.000010 0.000010 0.000010 0.000010 0.000010 0.000010 0.999940
0.000010 0.000010 0.000010 0.000010 0.000010 0.006376 0.993574
0.000010 0.002900 0.000010 0.003211 0.000010 0.000010 0.993849
0.000010 0.000010 0.001126 0.002682 0.000010 0.000010 0.996152
0.000010 0.002462 0.000010 0.002642 0.000632 0.000010 0.994235
0.000291 0.000010 0.000010 0.003949 0.000010 0.003691 0.992038
0.000010 0.000805 0.000010 0.000010 0.001371 0.000010 0.997784
0.001823 0.000010 0.000010 0.000010 0.000010 0.000010 0.998127
0.002707 0.000010 0.003225 0.007422 0.000010 0.000010 0.986616
0.000010 0.000010 0.002661 0.005589 0.000010 0.000010 0.991710
0.005124 0.000010 0.003828 0.009142 0.000010 0.000010 0.981876
0.000010 0.000010 0.000010 0.003799 0.000010 0.001387 0.994774
0.000010 0.001428 0.000010 0.003445 0.000010 0.000010 0.995087
0.001196 0.000010 0.000010 0.000352 0.000010 0.000010 0.998412
0.000010 0.000010 0.005147 0.001480 0.000010 0.000553 0.992791
0.000010 0.002075 0.000815 0.004304 0.000010 0.001097 0.991688
0.001180 0.000010 0.003976 0.000010 0.000010 0.000010 0.994804
0.000050 0.000010 0.007331 0.004849 0.000010 0.000010 0.987741
0.000010 0.000010 0.003721 0.003522 0.000010 0.000010 0.992717
