0.000010 0.000010 0.009536 0.004660 0.985775 0.000010
0.000147 0.000466 0.000010 0.003748 0.995618 0.000010
0.006195 0.000010 0.000637 0.002145 0.991003 0.000010
0.005333 0.000010 0.000010 0.003653 0.990983 0.000010
0.000010 0.000010 0.000010 0.005418 0.991944 0.002608
0.000011 0.000010 0.001475 0.000010 0.994732 0.003762
0.000010 0.000010 0.001763 0.000010 0.998197 0.000010
0.008570 0.000010 0.000010 0.000010 0.991390 0.000010
0.000010 0.000010 0.001728 0.004128 0.993792 0.000332
0.000010 0.000012 0.000010 0.002411 0.992697 0.004859
0.000010 0.000350 0.002813 0.000010 0.996807 0.000010
0.000010 0.001874 0.000010 0.000010 0.998086 0.000010
0.000037 0.000010 0.000010 0.003481 0.992494 0.003968
0.000010 0.000010 0.000239 0.005373 0.990276 0.004093
0.000010 0.001428 0.005688 0.006511 0.986352 0.000010
0.000010 0.000010 0.005540 0.001186 0.993244 0.000010
0.000715 0.000232 0.004509 0.004457 0.990077 0.000010
0.003064 0.000010 0.000628 0.000188 0.996100 0.000010
0.006770 0.000010 0.000010 0.000010 0.989325 0.003876
0.000010 0.002435 0.002841 0.000010 0.994695 0.000010
0.003269 0.000010 0.000010 0.000010 0.996691 0.000010
0.000010 0.001793 0.002464 0.004523 0.991200 0.000010
0.000759 0.001260 0.000010 0.001736 0.993750 0.002485
0.000010 0.000012 0.006225 0.000010 0.991998 0.001745
0.002655 0.000010 0.000010 0.002644 0.994672 0.000010
0.004455 0.001559 0.000010 0.003194 0.990772 0.000010
0.003765 0.000010 0.000010 0.000010 0.996195 0.000010
0.000010 0.002200 0.000010 0.010069 0.987622 0.000089
0.000010 0.000010 0.002357 0.001613 0.995991 0.000019
0.005504 0.000010 0.011555 0.000010 0.981667 0.001255
0.006485 0.001842 0.000010 0.000834 0.987893 0.002936
0.000010 0.001245 0.002771 0.006867 0.986164 0.002943
0.006659 0.000686 0.000014 0.002666 0.989965 0.000010
0.002477 0.000010 0.000010 0.005979 0.985405 0.006120
0.000010 0.000010 0.000010 0.001045 0.998611 0.000314
0.001850 0.000010 0.001696 0.002884 0.993550 0.000010
0.000010 0.000010 0.000010 0.000010 0.999950 0.000010
0.007731 0.000049 0.000010 0.000010 0.992190 0.000010
0.000010 0.000010 0.004118 0.000010 0.995842 0.000010
0.007946 0.000441 0.000010 0.000011 0.991582 0.000010
0.000013 0.000884 0.000010 0.006066 0.993018 0.000010
0.001902 0.000010 0.002953 0.003866 0.990751 0.000517
0.000012 0.000011 0.003727 0.001827 0.994414 0.000010
0.005540 0.001676 0.001139 0.000251 0.991383 0.000010
0.000010 0.000010 0.004486 0.000010 0.994061 0.001424
0.009031 0.000011 0.000010 0.003843 0.987095 0.000010
0.000010 0.000010 0.000010 0.004049 0.963935 0.031986
0.000010 0.003244 0.000010 0.002118 0.994608 0.000010
0.000010 0.000010 0.001599 0.000015 0.998355 0.000010
0.000011 0.000010 0.000010 0.010936 0.985179 0.003854
0.000010 0.000010 0.000010 0.000010 0.993431 0.006529
0.005448 0.000014 0.000010 0.000010 0.994508 0.000010
0.000010 0.000292 0.000010 0.000010 0.999668 0.000010
0.005055 0.000011 0.000010 0.000010 0.994904 0.000010
0.000012 0.000010 0.000017 0.000013 0.999938 0.000010
0.001118 0.000010 0.000010 0.005103 0.993749 0.000010
0.000010 0.000010 0.000010 0.001960 0.998000 0.000010
0.000010 0.000010 0.003928 0.000010 0.996032 0.000010
0.000010 0.000010 0.000010 0.000010 0.999950 0.000010
0.000010 0.000010 0.000010 0.000011 0.999949 0.000010
0.000010 0.000010 0.000010 0.000010 0.999950 0.000010
0.000010 0.000010 0.000010 0.002731 0.997229 0.000010
0.000010 0.000010 0.000010 0.000111 0.996390 0.003468
0.000010 0.000010 0.000010 0.003760 0.996200 0.000010
0.000015 0.000010 0.000010 0.003252 0.996703 0.000010
0.003413 0.000041 0.000010 0.000010 0.996516 0.000010
0.008739 0.000010 0.000010 0.000010 0.991221 0.000010
0.000010 0.000010 0.000010 0.000010 0.996867 0.003093
0.000010 0.000796 0.000010 0.004558 0.994616 0.000010
0.003955 0.000010 0.000010 0.003022 0.988419 0.004584
0.000167 0.000010 0.000010 0.000159 0.996486 0.003168
0.000010 0.000010 0.002265 0.000010 0.997695 0.000010
0.000390 0.000010 0.002423 0.000010 0.997158 0.000010
0.003179 0.000010 0.000010 0.000010 0.995723 0.001069
0.001022 0.000010 0.000010 0.000010 0.996953 0.001995
0.000010 0.002120 0.001955 0.006441 0.989464 0.000010
0.000010 0.000010 0.001476 0.000010 0.996249 0.002246
0.004166 0.000198 0.000010 0.000010 0.995606 0.000010
0.004014 0.000010 0.000010 0.006020 0.985623 0.004323
0.000010 0.000010 0.000010 0.000010 0.999950 0.000010
0.000701 0.000010 0.000010 0.000010 0.999259 0.000010
0.000010 0.000010 0.013744 0.004667 0.981559 0.000010
0.002724 0.000010 0.001730 0.000012 0.995514 0.000010
0.000010 0.000010 0.000010 0.005717 0.988817 0.005436
0.005388 0.000871 0.000010 0.000010 0.988347 0.005375
0.000010 0.000010 0.008980 0.000010 0.990749 0.000240
0.004356 0.000994 0.000010 0.002408 0.992221 0.000010
0.004788 0.000010 0.000010 0.000012 0.995169 0.000010
0.005458 0.001499 0.000010 0.006470 0.985282 0.001281
0.000010 0.000010 0.006465 0.000010 0.986844 0.006661
0.007074 0.000010 0.000010 0.008192 0.982653 0.002061
0.000287 0.000010 0.000010 0.004265 0.995417 0.000010
0.003121 0.000010 0.000010 0.003029 0.993820 0.000010
0.000010 0.002871 0.003645 0.003664 0.988672 0.001139
0.005682 0.000010 0.002654 0.001104 0.985984 0.004566
0.000010 0.000010 0.000010 0.003753 0.990870 0.005347
0.000010 0.000010 0.011356 0.004991 0.983623 0.000010
0.003073 0.000010 0.002088 0.000010 0.993124 0.001695
0.000010 0.000010 0.000010 0.000010 0.997096 0.002864
0.000010 0.000010 0.006869 0.000010 0.993091 0.000010
0.000192 0.001429 0.006317 0.001157 0.989589 0.001317
0.000010 0.000010 0.006869 0.000013 0.993088 0.000010
0.004121 0.000010 0.000010 0.000010 0.991113 0.004736
0.012407 0.002947 0.000010 0.000010 0.984093 0.000533
0.003645 0.001326 0.000010 0.000012 0.994997 0.000010
0.000010 0.000013 0.001611 0.000010 0.998346 0.000010
0.000010 0.000010 0.000010 0.000010 0.996449 0.003511
0.006744 0.000010 0.000010 0.003908 0.988343 0.000985
0.000010 0.000010 0.000010 0.011012 0.986697 0.002262
0.001341 0.002227 0.011104 0.007850 0.977468 0.000010
0.005111 0.003295 0.000010 0.000108 0.990971 0.000505
0.004012 0.001288 0.000010 0.000015 0.994665 0.000010
0.001070 0.000010 0.000496 0.000024 0.998390 0.000010
0.000012 0.000010 0.000010 0.007647 0.992311 0.000010
0.000010 0.000010 0.003454 0.000010 0.996506 0.000010
0.003028 0.000010 0.000010 0.000010 0.996932 0.000010
0.000010 0.501710 0.000010 0.029478 0.468782 0.000010
0.000010 0.000010 0.005725 0.000010 0.994235 0.000010
0.000010 0.000010 0.000010 0.000010 0.999950 0.000010
0.012628 0.002596 0.000010 0.001361 0.983395 0.000010
0.003422 0.000010 0.000290 0.002363 0.993905 0.000010
0.005357 0.001564 0.005190 0.000010 0.987869 0.000010
0.000010 0.000010 0.003976 0.000010 0.992358 0.003636
0.004152 0.000010 0.000010 0.005433 0.990385 0.000010
0.006759 0.000014 0.000010 0.005070 0.988138 0.000010
0.001240 0.000010 0.000010 0.006508 0.982034 0.010198
0.000010 0.001928 0.000528 0.000010 0.996245 0.001279
0.011684 0.000010 0.000010 0.000010 0.988276 0.000010
0.000010 0.000010 0.002818 0.002085 0.995067 0.000010
0.005936 0.000011 0.000010 0.002976 0.991058 0.000010
0.000010 0.002987 0.000010 0.005596 0.991386 0.000010
0.006246 0.000010 0.000010 0.000010 0.993714 0.000010
0.000010 0.002098 0.002231 0.005185 0.990466 0.000010
0.000010 0.000010 0.000010 0.004526 0.995434 0.000010
0.000010 0.001697 0.001626 0.003000 0.992351 0.001316
0.000010 0.000010 0.000010 0.004147 0.995813 0.000010
0.000010 0.000010 0.000010 0.000010 0.998368 0.001592
0.000921 0.000010 0.000743 0.000010 0.998306 0.000010
0.000016 0.000010 0.000010 0.004080 0.995873 0.000010
0.000010 0.003598 0.004059 0.000015 0.992308 0.000010
0.007844 0.000010 0.000010 0.000965 0.991162 0.000010
0.000010 0.000010 0.002217 0.004703 0.989508 0.003551
0.000010 0.000010 0.001008 0.001329 0.990750 0.006893
0.001147 0.000010 0.000010 0.002268 0.994968 0.001597
0.000010 0.000010 0.000010 0.004162 0.988995 0.006813
0.001861 0.000010 0.000010 0.008608 0.985515 0.003996
0.000010 0.000010 0.003211 0.000010 0.995365 0.001394
0.002006 0.000010 0.001745 0.000010 0.996219 0.000010
0.004374 0.003007 0.000010 0.000010 0.990345 0.002254
0.000010 0.000010 0.001711 0.000010 0.998249 0.000010
0.006910 0.000018 0.000010 0.002111 0.990942 0.000010
0.000010 0.000061 0.000010 0.000010 0.995118 0.004791
0.000014 0.000012 0.000010 0.000014 0.999941 0.000010
0.000010 0.002020 0.000010 0.000010 0.997314 0.000637
0.002901 0.000306 0.000010 0.000010 0.996763 0.000010
0.004217 0.002052 0.000010 0.000014 0.993697 0.000010
0.006327 0.000015 0.000010 0.001320 0.992318 0.000010
0.000010 0.000010 0.001091 0.000010 0.996319 0.002560
0.004257 0.001176 0.000010 0.003389 0.989952 0.001217
0.000010 0.000010 0.000010 0.006301 0.993659 0.000010
0.002260 0.000735 0.000010 0.002289 0.993754 0.000952
0.001113 0.000010 0.000235 0.000013 0.998619 0.000010
0.002481 0.000416 0.000010 0.004742 0.988622 0.003729
0.000015 0.000010 0.000010 0.000718 0.999237 0.000010
0.003432 0.000010 0.000752 0.000443 0.995268 0.000095
0.000010 0.003001 0.000010 0.000010 0.991467 0.005502
0.000012 0.000010 0.000270 0.003090 0.996608 0.000010
0.008158 0.001303 0.000010 0.000010 0.990510 0.000010
0.000010 0.000010 0.000010 0.000010 0.999950 0.000010
0.004149 0.002184 0.000010 0.004122 0.981920 0.007615
0.000010 0.000010 0.000196 0.004613 0.994623 0.000548
0.007457 0.000010 0.000010 0.000010 0.992503 0.000010
0.003900 0.000015 0.003345 0.005328 0.987402 0.000010
0.009110 0.000672 0.000010 0.000010 0.988246 0.001953
0.005972 0.000750 0.000010 0.000010 0.993248 0.000010
0.000010 0.000010 0.002814 0.000010 0.997146 0.000010
0.003030 0.000010 0.000010 0.008386 0.984285 0.004278
0.000010 0.000392 0.006187 0.004979 0.988423 0.000010
0.005628 0.000014 0.000010 0.004144 0.990194 0.000010
0.000010 0.000010 0.000869 0.007313 0.991788 0.000010
0.000010 0.000010 0.000431 0.001843 0.997697 0.000010
0.000011 0.000010 0.000210 0.000490 0.999268 0.000010
0.000010 0.000010 0.000010 0.006205 0.993755 0.000010
0.002481 0.000010 0.000010 0.000010 0.996055 0.001435
0.003218 0.000010 0.002263 0.000159 0.994341 0.000010
0.000010 0.000012 0.003981 0.000010 0.995977 0.000010
0.065546 0.006842 0.000010 0.026824 0.741241 0.159538
0.007609 0.000016 0.000010 0.007006 0.985348 0.000010
0.002477 0.000010 0.000010 0.000010 0.997483 0.000010
0.000010 0.002287 0.000010 0.000010 0.997673 0.000010
0.005445 0.000010 0.000010 0.000307 0.994218 0.000010
0.002860 0.000205 0.000289 0.000010 0.996626 0.000010
0.000010 0.000010 0.004036 0.001562 0.993312 0.001070
0.002466 0.000017 0.000010 0.000010 0.994449 0.003048
0.010299 0.000010 0.000010 0.000010 0.989661 0.000010
0.000540 0.000010 0.000010 0.000010 0.995257 0.004173
0.003406 0.000010 0.000010 0.002928 0.993636 0.000010
0.011268 0.000988 0.000010 0.000010 0.987714 0.000010
0.004368 0.000010 0.000010 0.000010 0.995592 0.000010
0.000376 0.000010 0.000010 0.000010 0.999584 0.000010
0.007391 0.000010 0.000010 0.000010 0.992569 0.000010
0.000010 0.000010 0.000393 0.002351 0.997226 0.000010
0.003877 0.000650 0.000010 0.000010 0.995443 0.000010
0.000010 0.000010 0.000010 0.000010 0.999950 0.000010
0.003236 0.000010 0.000010 0.005452 0.991281 0.000010
0.003026 0.000010 0.000010 0.002254 0.992255 0.002445
0.008734 0.000010 0.000010 0.000010 0.990216 0.001020
0.002142 0.000010 0.000010 0.000010 0.992332 0.005496
0.000010 0.000010 0.000010 0.000010 0.999950 0.000010
0.000010 0.000010 0.000010 0.000010 0.999950 0.000010
0.004604 0.000010 0.000010 0.000013 0.995353 0.000010
0.001280 0.003759 0.000010 0.003123 0.990726 0.001101
0.004241 0.000010 0.000010 0.007024 0.982318 0.006397
0.006497 0.000010 0.000010 0.000010 0.989856 0.003617
0.000010 0.000010 0.000010 0.004009 0.995951 0.000010
0.000010 0.002656 0.001543 0.000010 0.995771 0.000010
0.000934 0.001821 0.000010 0.006050 0.985225 0.005960
0.000010 0.000010 0.000010 0.000010 0.998091 0.001869
0.003936 0.003349 0.000010 0.000010 0.992685 0.000010
0.004904 0.003947 0.000010 0.000010 0.991119 0.000010
0.000010 0.000010 0.001293 0.002976 0.995701 0.000010
0.000011 0.000010 0.000010 0.000010 0.995641 0.004318
0.000480 0.001972 0.000010 0.000010 0.997518 0.000010
0.000010 0.000010 0.005797 0.000532 0.991732 0.001919
0.000010 0.001237 0.000010 0.000010 0.998723 0.000010
0.000010 0.000010 0.000010 0.000010 0.996903 0.003057
0.000019 0.000010 0.004506 0.002037 0.993418 0.000010
0.003618 0.000010 0.000010 0.000010 0.996342 0.000010
0.000011 0.000010 0.005544 0.004510 0.989916 0.000010
0.000010 0.000010 0.000010 0.000010 0.999950 0.000010
0.006078 0.000010 0.000010 0.000964 0.992928 0.000010
0.000011 0.000010 0.000235 0.000010 0.996161 0.003573
0.007089 0.000010 0.000010 0.002337 0.989647 0.000908
0.001998 0.001283 0.000010 0.000010 0.996688 0.000010
0.005459 0.000010 0.000010 0.000010 0.994501 0.000010
0.000839 0.000010 0.000010 0.006007 0.992160 0.000974
0.000010 0.000010 0.000010 0.003306 0.996333 0.000330
0.000010 0.000936 0.000010 0.018718 0.965920 0.014406
0.006864 0.000010 0.000010 0.000010 0.993096 0.000010
0.000010 0.000010 0.000010 0.002288 0.997672 0.000010
0.004022 0.000015 0.000010 0.001214 0.994728 0.000010
0.000011 0.000010 0.000010 0.003913 0.995652 0.000405
0.003350 0.000010 0.000010 0.003247 0.993372 0.000010
0.007447 0.000980 0.000010 0.004503 0.987049 0.000010
0.003886 0.000010 0.000010 0.000010 0.996074 0.000010
0.000010 0.000010 0.002440 0.000010 0.997520 0.000010
0.002571 0.000010 0.000010 0.000739 0.996012 0.000657
0.004410 0.000950 0.000010 0.000010 0.994609 0.000010
0.000010 0.000010 0.000010 0.000010 0.999950 0.000010
0.000012 0.001840 0.000010 0.005196 0.992932 0.000010
0.002838 0.000013 0.000010 0.000010 0.995530 0.001599
0.002379 0.000010 0.000010 0.001673 0.995918 0.000010
0.005764 0.000010 0.000010 0.000010 0.985969 0.008236
0.000616 0.000017 0.000010 0.002759 0.994808 0.001790
0.000013 0.000010 0.000010 0.007430 0.989610 0.002928
0.000010 0.000014 0.000010 0.000010 0.999575 0.000382
0.001674 0.000010 0.000010 0.000010 0.998286 0.000010
0.003229 0.000010 0.000010 0.000824 0.995917 0.000010
0.000010 0.000010 0.006177 0.000013 0.993780 0.000010
0.008669 0.000010 0.000010 0.000010 0.991291 0.000010
0.000010 0.000010 0.001480 0.000010 0.997184 0.001306
0.000010 0.000010 0.001982 0.006340 0.988950 0.002708
0.005682 0.000010 0.000010 0.002115 0.992173 0.000010
0.000010 0.001031 0.000457 0.002641 0.992289 0.003572
0.000010 0.000010 0.010381 0.000010 0.989579 0.000010
0.008489 0.000010 0.000010 0.002291 0.988414 0.000786
0.000010 0.000010 0.000010 0.003066 0.993268 0.003636
0.004938 0.000010 0.000010 0.000010 0.994391 0.000640
0.008780 0.000179 0.000010 0.002028 0.985091 0.003912
0.000010 0.000010 0.000010 0.000010 0.999950 0.000010
0.000010 0.000010 0.000010 0.000010 0.998245 0.001715
0.000016 0.000010 0.000010 0.000010 0.999944 0.000010
0.003150 0.000010 0.000010 0.000125 0.991209 0.005495
0.002414 0.000010 0.000010 0.001285 0.996271 0.000010
0.008371 0.002747 0.000010 0.000010 0.985601 0.003261
0.006509 0.000010 0.000010 0.000010 0.993451 0.000010
0.000010 0.000010 0.000010 0.000010 0.999950 0.000010
0.000010 0.000010 0.001016 0.000046 0.998907 0.000010
0.001752 0.002770 0.000010 0.000010 0.995448 0.000010
0.000010 0.000010 0.000010 0.000010 0.996444 0.003516
0.000010 0.000010 0.000010 0.000010 0.999950 0.000010
0.008152 0.000017 0.000010 0.000010 0.987681 0.004129
0.003114 0.001909 0.000010 0.000010 0.994947 0.000010
0.002873 0.000010 0.000010 0.000010 0.997087 0.000010
0.000010 0.000010 0.001371 0.000010 0.998588 0.000010
0.000010 0.000014 0.000010 0.000010 0.997620 0.002336
0.006102 0.000010 0.000010 0.000010 0.993858 0.000010
0.000010 0.000010 0.000010 0.000010 0.999950 0.000010
0.004414 0.000704 0.000010 0.000010 0.994853 0.000010
0.000010 0.000010 0.005858 0.002228 0.991884 0.000010
0.000010 0.000010 0.002487 0.001620 0.991641 0.004231
0.000012 0.000010 0.000010 0.001962 0.988727 0.009279
0.000010 0.000234 0.000010 0.000010 0.999726 0.000010
0.005998 0.000010 0.000010 0.000419 0.993552 0.000010
0.000010 0.000010 0.000010 0.000010 0.999950 0.000010
0.003637 0.001970 0.000010 0.000010 0.994363 0.000010
0.001712 0.000010 0.000010 0.001128 0.994853 0.002287
0.001549 0.000010 0.000010 0.000010 0.998411 0.000010
0.002631 0.000010 0.000010 0.000292 0.997048 0.000010
0.013663 0.002920 0.000010 0.005125 0.978273 0.000010
0.001362 0.002030 0.000010 0.000019 0.996569 0.000010
0.000449 0.002290 0.000815 0.002580 0.993856 0.000010
0.000010 0.000010 0.000010 0.002458 0.996315 0.001197
0.007063 0.000010 0.000010 0.000010 0.992897 0.000010
0.000010 0.000010 0.002422 0.000010 0.996408 0.001140
0.000010 0.000012 0.000010 0.000010 0.999948 0.000010
0.000017 0.000010 0.003827 0.002714 0.993423 0.000010
0.000010 0.000010 0.001331 0.000011 0.998628 0.000010
0.004361 0.000010 0.000010 0.003617 0.991992 0.000010
0.000010 0.000010 0.000010 0.000010 0.999950 0.000010
0.010033 0.000556 0.000010 0.004684 0.980644 0.004073
0.000010 0.000010 0.000784 0.000010 0.996531 0.002655
0.007549 0.000010 0.000010 0.001431 0.990990 0.000010
0.002577 0.000010 0.000010 0.001173 0.995425 0.000805
0.003440 0.000010 0.000010 0.000010 0.993616 0.002914
0.000012 0.000010 0.000010 0.000010 0.990998 0.008959
0.004406 0.000010 0.000010 0.000010 0.995554 0.000010
0.000010 0.001872 0.000010 0.000010 0.998088 0.000010
0.002626 0.000010 0.000010 0.000010 0.997334 0.000010
0.004874 0.002563 0.000010 0.003226 0.989317 0.000010
0.004121 0.000010 0.000010 0.000010 0.995839 0.000010
0.005950 0.000016 0.000010 0.000010 0.994005 0.000010
0.010672 0.001430 0.000010 0.000011 0.987867 0.000010
0.004089 0.000010 0.000010 0.000010 0.985897 0.009984
0.000010 0.000010 0.003223 0.000010 0.996736 0.000010
0.004376 0.000010 0.000010 0.001324 0.994270 0.000010
0.000010 0.000010 0.000010 0.000010 0.999950 0.000010
0.000010 0.000010 0.000010 0.003445 0.996515 0.000010
0.013609 0.001955 0.000010 0.004784 0.979633 0.000010
0.001313 0.000011 0.000010 0.002441 0.992470 0.003755
0.003101 0.000010 0.000010 0.003306 0.993563 0.000010
0.000010 0.000010 0.003855 0.000122 0.995993 0.000010
0.002834 0.000517 0.000010 0.004202 0.992427 0.000010
0.000010 0.000010 0.000010 0.000011 0.999949 0.000010
0.000010 0.001146 0.000010 0.000010 0.996461 0.002363
0.000010 0.002353 0.000010 0.000010 0.996907 0.000710
0.000010 0.000010 0.003758 0.000010 0.996202 0.000010
0.002077 0.000010 0.000010 0.000010 0.997883 0.000010
0.003472 0.000010 0.001209 0.000010 0.995289 0.000010
0.000011 0.002550 0.000055 0.000010 0.990884 0.006490
0.000016 0.000010 0.000561 0.002601 0.995586 0.001225
0.003662 0.000010 0.000010 0.004390 0.991918 0.000010
0.003096 0.000010 0.000010 0.002359 0.994515 0.000010
0.000019 0.000010 0.001529 0.000010 0.998422 0.000010
0.002240 0.000010 0.000010 0.002618 0.993655 0.001467
0.004285 0.000010 0.000010 0.001410 0.994276 0.000010
0.000091 0.000010 0.000010 0.000010 0.998128 0.001751
0.005888 0.000010 0.000010 0.014264 0.975447 0.004380
0.013897 0.001709 0.000010 0.006671 0.975084 0.002630
0.002189 0.000010 0.000010 0.000010 0.997771 0.000010
0.000010 0.000010 0.003336 0.000010 0.996624 0.000010
0.004127 0.000010 0.000010 0.000010 0.995833 0.000010
0.000010 0.000010 0.002699 0.000267 0.996321 0.000693
0.000010 0.000010 0.002634 0.000010 0.997326 0.000010
0.000423 0.000010 0.004114 0.000725 0.994718 0.000010
0.000010 0.000010 0.000010 0.000010 0.999950 0.000010
0.004224 0.001694 0.000010 0.001785 0.992276 0.000010
0.004350 0.000010 0.000010 0.000010 0.995610 0.000010
0.000016 0.001755 0.000010 0.003525 0.994683 0.000010
0.000011 0.000010 0.000010 0.000012 0.999947 0.000010
0.003447 0.000010 0.000010 0.000010 0.996513 0.000010
0.000010 0.000010 0.000010 0.002741 0.997219 0.000010
0.010006 0.000541 0.000010 0.001561 0.987872 0.000010
0.000010 0.000010 0.000010 0.000010 0.999950 0.000010
0.001095 0.000010 0.004037 0.000176 0.993700 0.000981
0.007717 0.000010 0.000010 0.000490 0.991764 0.000010
0.000010 0.000010 0.000010 0.000010 0.999950 0.000010
0.000010 0.000010 0.000012 0.000010 0.999948 0.000010
0.000010 0.002483 0.000010 0.001231 0.996256 0.000010
0.003042 0.000010 0.000010 0.000010 0.996918 0.000010
0.003071 0.000010 0.000010 0.002391 0.994508 0.000010
0.011585 0.000010 0.000010 0.000575 0.987810 0.000010
0.000010 0.001145 0.000010 0.005193 0.991491 0.002152
0.000010 0.002437 0.000010 0.006090 0.991443 0.000010
0.008737 0.001934 0.000010 0.000010 0.989299 0.000010
0.003677 0.000010 0.001395 0.000011 0.994898 0.000010
0.004992 0.000013 0.001739 0.000010 0.993235 0.000010
0.000010 0.000010 0.002089 0.000010 0.997871 0.000010
0.005491 0.000010 0.000010 0.003771 0.990107 0.000611
0.002705 0.000010 0.000010 0.000010 0.997255 0.000010
0.004286 0.000010 0.000010 0.000015 0.995669 0.000010
0.003963 0.000646 0.000010 0.000018 0.995353 0.000010
0.004457 0.000010 0.001650 0.000010 0.992503 0.001370
0.000010 0.000010 0.000010 0.000010 0.999950 0.000010
0.000010 0.000010 0.016018 0.006848 0.977104 0.000010
0.000010 0.000010 0.000010 0.000010 0.999950 0.000010
0.000010 0.000011 0.002680 0.000010 0.997279 0.000010
0.000010 0.000010 0.004743 0.000010 0.995174 0.000053
0.000010 0.000010 0.000010 0.001967 0.997993 0.000010
0.007477 0.000010 0.000010 0.004437 0.988056 0.000010
0.000010 0.000010 0.000845 0.000010 0.999115 0.000010
0.008209 0.000010 0.000010 0.000376 0.991385 0.000010
0.000010 0.000010 0.000959 0.000010 0.999001 0.000010
0.007682 0.000011 0.000010 0.000010 0.992277 0.000010
0.000010 0.000010 0.000010 0.000010 0.995801 0.004159
0.003813 0.001836 0.000010 0.000010 0.994321 0.000010
0.000010 0.000010 0.000010 0.005646 0.994314 0.000010
0.004407 0.000010 0.000010 0.018229 0.965981 0.011363
0.005866 0.000018 0.000010 0.000012 0.994083 0.000010
0.000010 0.000840 0.000010 0.000010 0.999120 0.000010
0.001375 0.001094 0.000010 0.000010 0.993810 0.003701
0.005725 0.000010 0.000010 0.000010 0.994235 0.000010
0.000944 0.000010 0.000010 0.000010 0.999016 0.000010
0.007577 0.000010 0.000010 0.002109 0.990284 0.000010
0.000010 0.000010 0.000010 0.000010 0.999950 0.000010
0.004632 0.000010 0.000010 0.000923 0.994415 0.000010
0.001448 0.000010 0.000010 0.000010 0.998512 0.000010
0.000010 0.000012 0.000010 0.002089 0.997869 0.000010
0.000741 0.000010 0.000010 0.003150 0.996080 0.000010
0.000010 0.000010 0.000010 0.000010 0.997100 0.002860
0.000010 0.000010 0.000010 0.000015 0.999945 0.000010
0.003830 0.000010 0.000010 0.000010 0.996130 0.000010
0.000010 0.000010 0.000010 0.000010 0.999950 0.000010
0.010638 0.002369 0.000010 0.000010 0.986963 0.000010
0.000010 0.000010 0.000463 0.003679 0.995098 0.000740
0.000010 0.000010 0.000010 0.000010 0.992938 0.007022
0.000010 0.000010 0.005766 0.000010 0.991981 0.002222
0.000019 0.000010 0.000010 0.006607 0.993344 0.000010
0.006524 0.000010 0.000010 0.000010 0.993436 0.000010
0.000010 0.000011 0.000010 0.005217 0.994741 0.000010
0.000010 0.000010 0.003097 0.000010 0.996863 0.000010
0.000010 0.000010 0.003187 0.000014 0.996770 0.000010
0.013354 0.000010 0.000010 0.002072 0.984544 0.000010
0.000011 0.001952 0.000010 0.000010 0.993430 0.004588
0.000010 0.000010 0.000010 0.000010 0.999950 0.000010
0.000010 0.000905 0.002234 0.001235 0.991520 0.004096
0.000010 0.000010 0.001603 0.000010 0.997288 0.001079
0.000010 0.000010 0.000010 0.004137 0.994490 0.001343
0.001787 0.000010 0.000010 0.001162 0.993493 0.003538
0.000010 0.000010 0.004151 0.000010 0.994376 0.001442
0.000017 0.001336 0.003552 0.000211 0.994874 0.000010
0.000010 0.000010 0.000010 0.000294 0.995291 0.004385
0.002352 0.000329 0.000010 0.000010 0.997288 0.000010
0.006118 0.000011 0.000010 0.001407 0.992445 0.000010
0.003644 0.000010 0.001017 0.005056 0.990262 0.000010
0.004929 0.000010 0.002156 0.002015 0.988421 0.002468
0.000010 0.000010 0.002931 0.000010 0.996450 0.000590
0.000010 0.000010 0.000010 0.000943 0.994113 0.004915
0.000010 0.001755 0.000010 0.002855 0.995360 0.000010
0.000010 0.000010 0.003811 0.000010 0.994847 0.001312
0.000010 0.000010 0.005501 0.004720 0.989749 0.000010
0.000010 0.000010 0.000010 0.000010 0.995210 0.004750
0.003007 0.000291 0.000010 0.004688 0.991994 0.000010
0.014495 0.000896 0.000010 0.000048 0.984541 0.000010
0.000010 0.000010 0.000010 0.000010 0.999950 0.000010
0.000010 0.000010 0.004097 0.000010 0.995863 0.000010
0.000014 0.000010 0.000010 0.004635 0.995322 0.000010
0.000010 0.000010 0.000887 0.000320 0.998763 0.000010
0.000010 0.002024 0.000010 0.000016 0.993000 0.004940
0.002737 0.000010 0.000010 0.000010 0.992916 0.004317
0.000010 0.001765 0.000010 0.004371 0.993834 0.000010
0.001469 0.000016 0.000010 0.003003 0.991851 0.003652
0.000010 0.000010 0.000280 0.000761 0.992159 0.006781
0.000010 0.000010 0.001101 0.000010 0.993011 0.005858
0.000010 0.000010 0.001332 0.002018 0.996033 0.000598
0.006414 0.000010 0.000010 0.000014 0.993542 0.000010
0.000558 0.000010 0.000010 0.001582 0.994653 0.003187
0.000255 0.000010 0.001772 0.000010 0.990652 0.007300
0.001757 0.000010 0.000011 0.000010 0.998073 0.000139
0.005566 0.000010 0.000010 0.000010 0.992861 0.001543
0.000011 0.003446 0.000010 0.002195 0.992374 0.001963
0.005391 0.000010 0.000010 0.000010 0.994569 0.000010
0.000010 0.000010 0.001630 0.000010 0.998330 0.000010
0.001646 0.000010 0.000010 0.002008 0.993354 0.002973
0.004343 0.002545 0.000010 0.011232 0.967867 0.014002
0.000010 0.000010 0.009489 0.003167 0.987314 0.000010
0.000010 0.000010 0.000010 0.000010 0.991737 0.008223
0.000010 0.000010 0.006933 0.000010 0.993027 0.000010
0.000014 0.000010 0.000010 0.000013 0.999942 0.000010
0.000010 0.000010 0.002868 0.000010 0.997092 0.000010
0.003600 0.000511 0.000010 0.000010 0.995859 0.000010
0.000010 0.000010 0.000010 0.000010 0.999950 0.000010
0.000010 0.000010 0.000010 0.000010 0.999950 0.000010
0.000012 0.000010 0.000010 0.000882 0.996261 0.002824
0.000010 0.000010 0.028908 0.032621 0.938441 0.000010
0.000010 0.000011 0.000010 0.000010 0.996122 0.003837
0.000010 0.000231 0.000010 0.000010 0.999729 0.000010
0.003456 0.000010 0.000010 0.001457 0.992846 0.002220
0.005811 0.000010 0.003619 0.003615 0.986935 0.000010
0.000013 0.000010 0.000010 0.005062 0.994895 0.000010
0.000010 0.000010 0.000010 0.000010 0.999950 0.000010
0.000576 0.000010 0.000010 0.000640 0.994637 0.004126
0.004918 0.000013 0.000010 0.007194 0.987856 0.000010
0.080639 0.017077 0.000010 0.003795 0.872737 0.025743
0.000012 0.000010 0.000010 0.003851 0.995669 0.000448
0.000010 0.000079 0.001549 0.002839 0.995513 0.000010
0.000011 0.000010 0.000530 0.000010 0.994842 0.004597
0.001801 0.001051 0.000010 0.000011 0.997117 0.000010
0.000018 0.000010 0.000010 0.004281 0.995671 0.000010
0.000010 0.000010 0.000010 0.007532 0.992428 0.000010
0.000010 0.000010 0.001572 0.000965 0.997433 0.000010
0.008358 0.000010 0.000010 0.003186 0.988371 0.000065
0.000010 0.000010 0.002961 0.000012 0.996998 0.000010
0.006612 0.001044 0.000010 0.003446 0.988877 0.000010
0.000010 0.000010 0.000428 0.005272 0.994270 0.000010
0.000010 0.000010 0.000010 0.001680 0.997333 0.000958
0.000010 0.000010 0.009436 0.000010 0.990524 0.000010
0.125857 0.000025 0.000010 0.000010 0.874088 0.000010
0.005173 0.000010 0.000010 0.002353 0.989176 0.003278
0.003273 0.001327 0.000010 0.005141 0.990059 0.000190
0.010475 0.000017 0.000010 0.000017 0.989471 0.000010
0.000010 0.000010 0.000010 0.000140 0.996339 0.003491
0.000010 0.000010 0.003922 0.000010 0.990299 0.005749
0.002765 0.000010 0.002768 0.000742 0.993705 0.000010
0.000011 0.000010 0.002913 0.001821 0.995234 0.000010
0.000010 0.000010 0.000010 0.000010 0.996579 0.003381
0.000010 0.000658 0.004615 0.002241 0.992467 0.000010
0.000012 0.000010 0.000010 0.000010 0.994395 0.005562
0.000805 0.000010 0.000010 0.003651 0.995514 0.000010
0.000011 0.000010 0.000010 0.003908 0.994764 0.001297
0.000010 0.000010 0.000577 0.000010 0.997011 0.002382
0.010054 0.001742 0.000010 0.001528 0.986656 0.000010
0.000011 0.000010 0.000010 0.002600 0.997359 0.000010
0.000010 0.000010 0.000010 0.005219 0.994741 0.000010
0.000010 0.000010 0.000010 0.000010 0.996637 0.003322
0.000318 0.000010 0.000010 0.000010 0.994802 0.004849
0.000010 0.000010 0.000010 0.001713 0.994813 0.003444
0.000010 0.000010 0.003496 0.000012 0.996462 0.000010
0.003614 0.000102 0.000010 0.000010 0.996254 0.000010
0.000010 0.000010 0.001864 0.000359 0.997747 0.000010
0.000010 0.000010 0.014664 0.010769 0.973383 0.001165
0.004768 0.000010 0.000010 0.004986 0.986171 0.004056
0.003156 0.000010 0.000010 0.000010 0.988234 0.008580
0.000010 0.000010 0.001390 0.001926 0.996655 0.000010
0.008032 0.000011 0.000010 0.001037 0.988581 0.002329
0.000010 0.000010 0.003944 0.000010 0.996016 0.000010
0.000010 0.000010 0.000488 0.001805 0.997677 0.000010
0.002065 0.000012 0.000010 0.006216 0.990433 0.001263
0.009512 0.000010 0.000010 0.000010 0.990448 0.000010
0.011889 0.001548 0.000010 0.000010 0.986533 0.000010
0.002127 0.000010 0.000010 0.002157 0.988005 0.007691
0.004808 0.000011 0.000010 0.002784 0.988367 0.004020
0.005643 0.000010 0.000010 0.000697 0.992223 0.001417
0.007456 0.000010 0.000010 0.000010 0.988642 0.003872
0.002907 0.000010 0.000531 0.000010 0.993487 0.003055
0.000015 0.000010 0.000429 0.003537 0.996000 0.000010
0.000010 0.000010 0.001613 0.001556 0.995854 0.000958
0.000011 0.000010 0.002497 0.003112 0.994360 0.000010
0.000010 0.000010 0.000010 0.001728 0.997211 0.001031
0.005469 0.003584 0.000010 0.002680 0.983850 0.004406
0.006639 0.000010 0.000010 0.008609 0.984722 0.000010
0.003674 0.000466 0.000010 0.000010 0.995830 0.000010
0.002680 0.000010 0.000010 0.000010 0.997280 0.000010
0.003359 0.001081 0.000010 0.000010 0.995530 0.000010
0.000010 0.000528 0.000010 0.000010 0.999432 0.000010
0.000010 0.000010 0.000010 0.000010 0.999950 0.000010
0.003293 0.001608 0.000010 0.000010 0.995070 0.000010
0.002543 0.000010 0.000010 0.001401 0.996001 0.000035
0.000911 0.000010 0.002591 0.009376 0.983607 0.003505
0.000010 0.000010 0.005692 0.005263 0.987939 0.001086
0.000030 0.003015 0.003140 0.000106 0.993699 0.000010
0.000010 0.001507 0.000010 0.000010 0.998453 0.000010
0.000010 0.000010 0.000463 0.001079 0.995012 0.003425
0.000010 0.002738 0.000010 0.005106 0.991305 0.000831
0.006400 0.000010 0.000010 0.004893 0.988677 0.000010
0.000010 0.000853 0.000010 0.002882 0.994755 0.001491
0.003041 0.000381 0.000010 0.000010 0.994785 0.001773
0.000010 0.000010 0.000010 0.003546 0.996414 0.000010
0.008381 0.001172 0.000010 0.000010 0.990418 0.000010
0.000018 0.000010 0.000010 0.002030 0.997922 0.000010
0.003013 0.002376 0.000010 0.004632 0.989958 0.000010
0.004327 0.000010 0.000010 0.000062 0.995581 0.000010
0.008676 0.000184 0.000010 0.000010 0.991110 0.000010
0.004444 0.000010 0.003116 0.000010 0.991578 0.000842
0.001637 0.000010 0.000010 0.000615 0.995086 0.002642
0.004466 0.000011 0.000010 0.002463 0.993041 0.000010
0.000010 0.000010 0.000010 0.002821 0.995644 0.001505
0.004870 0.000011 0.000010 0.000010 0.995089 0.000010
0.009430 0.000010 0.000010 0.000010 0.990530 0.000010
0.000010 0.000010 0.002838 0.000013 0.997119 0.000010
0.011587 0.000828 0.000010 0.000019 0.987546 0.000010
0.001844 0.000010 0.002367 0.000010 0.992569 0.003199
0.004830 0.003051 0.000010 0.001165 0.987299 0.003646
0.005016 0.000010 0.000010 0.000010 0.993014 0.001940
0.006822 0.002235 0.000010 0.000010 0.990913 0.000010
0.004655 0.002684 0.000010 0.002289 0.990352 0.000010
0.000010 0.000010 0.000010 0.003527 0.996433 0.000010
0.000010 0.000692 0.000010 0.001349 0.997929 0.000010
0.000010 0.000010 0.000015 0.000010 0.999945 0.000010
0.003833 0.000803 0.000010 0.003244 0.988309 0.003801
0.008755 0.000010 0.000010 0.000010 0.991205 0.000010
0.000011 0.000010 0.000010 0.001308 0.998651 0.000010
0.003159 0.000010 0.000010 0.000010 0.996801 0.000010
0.000010 0.000010 0.003116 0.000010 0.996844 0.000010
0.013226 0.002985 0.000010 0.002342 0.981427 0.000010
0.000017 0.000010 0.000010 0.000010 0.998970 0.000984
0.000012 0.002243 0.000010 0.004800 0.992925 0.000010
0.000020 0.000010 0.001565 0.001867 0.996528 0.000010
0.000010 0.000010 0.002184 0.000010 0.997776 0.000010
0.000010 0.000010 0.002340 0.006122 0.990936 0.000582
0.000622 0.000010 0.000010 0.002136 0.996171 0.001052
0.003253 0.000648 0.000010 0.000010 0.996068 0.000010
0.011384 0.003248 0.000010 0.002910 0.982134 0.000314
0.003393 0.000011 0.002186 0.000010 0.994390 0.000010
0.000833 0.000010 0.000317 0.006010 0.992820 0.000010
0.000010 0.000010 0.001473 0.000010 0.998487 0.000010
0.000010 0.000010 0.000010 0.002308 0.997652 0.000010
0.006724 0.000012 0.000010 0.005012 0.988232 0.000010
0.000012 0.000010 0.001027 0.000010 0.998276 0.000665
0.007104 0.000010 0.000010 0.000018 0.992848 0.000010
0.003427 0.000010 0.000010 0.011223 0.981636 0.003694
0.000010 0.000011 0.000010 0.005717 0.994242 0.000010
0.000010 0.000010 0.004509 0.000925 0.994535 0.000010
0.000462 0.000011 0.000010 0.000010 0.989672 0.009835
0.006908 0.000010 0.000010 0.000010 0.993052 0.000010
0.000668 0.000948 0.000010 0.000010 0.998354 0.000010
0.007423 0.001768 0.000010 0.000010 0.990778 0.000010
0.000010 0.000010 0.002317 0.000010 0.993770 0.003882
0.002678 0.003002 0.000010 0.000012 0.994287 0.000010
0.003592 0.000012 0.000010 0.001973 0.987379 0.007034
0.001019 0.000010 0.000010 0.001066 0.991400 0.006495
0.004185 0.000010 0.000010 0.000192 0.995534 0.000068
0.000010 0.000010 0.002138 0.003313 0.994519 0.000010
0.000382 0.000010 0.000010 0.005638 0.993881 0.000079
0.000013 0.000012 0.000010 0.000017 0.999937 0.000010
0.000010 0.000010 0.000010 0.000010 0.999950 0.000010
0.006061 0.000010 0.000010 0.000010 0.993899 0.000010
0.002349 0.000010 0.000010 0.003274 0.994347 0.000010
0.000010 0.000012 0.001108 0.002680 0.996180 0.000010
0.000892 0.001452 0.000010 0.002768 0.994867 0.000010
0.003122 0.000010 0.000010 0.003889 0.991494 0.001476
0.000010 0.001821 0.000010 0.000010 0.998138 0.000010
0.000010 0.000010 0.000010 0.000010 0.998445 0.001515
0.000010 0.000010 0.003431 0.007408 0.986707 0.002434
0.000017 0.000010 0.002579 0.005574 0.991811 0.000010
0.000010 0.000010 0.003754 0.009149 0.982019 0.005059
0.000871 0.000010 0.000010 0.003858 0.995241 0.000010
0.000384 0.000010 0.000010 0.003580 0.996006 0.000010
0.000010 0.000012 0.000010 0.000330 0.998730 0.000908
0.000239 0.000010 0.005379 0.001495 0.992867 0.000010
0.002995 0.000010 0.000850 0.004292 0.991843 0.000010
0.000018 0.000010 0.004026 0.000010 0.994968 0.000968
0.000010 0.000010 0.007359 0.004829 0.987782 0.000010
0.000012 0.000010 0.003685 0.003506 0.992776 0.000010
0.002696 0.000010 0.000621 0.000010 0.995982 0.000680
0.002943 0.001788 0.001310 0.000010 0.993940 0.000010
0.003321 0.000819 0.000010 0.000013 0.995827 0.000010
0.004129 0.000010 0.000010 0.001239 0.994601 0.000010
0.000010 0.000010 0.000010 0.000011 0.999949 0.000010
0.001845 0.000010 0.000016 0.000013 0.998106 0.000010
0.000010 0.000010 0.008110 0.000010 0.991849 0.000010
0.000010 0.000010 0.000126 0.000010 0.998010 0.001834
0.000010 0.001490 0.000010 0.004201 0.994279 0.000010
0.004811 0.002364 0.000010 0.003361 0.986489 0.002965
0.000010 0.000010 0.000010 0.007508 0.992452 0.000010
0.001836 0.000010 0.000010 0.000010 0.995037 0.003096
0.002259 0.000010 0.000010 0.000010 0.997701 0.000010
0.002985 0.000010 0.000010 0.010446 0.985790 0.000760
0.001822 0.000166 0.004293 0.000010 0.989658 0.004051
0.005947 0.000010 0.000010 0.004887 0.987435 0.001711
0.003541 0.000010 0.000010 0.000010 0.996419 0.000010
0.000010 0.000010 0.003535 0.000010 0.995276 0.001159
0.008476 0.000782 0.000010 0.000475 0.985267 0.004990
0.000010 0.000010 0.000010 0.000019 0.999941 0.000010
0.009227 0.000010 0.000877 0.001693 0.988184 0.000010
0.000010 0.000010 0.000471 0.002978 0.996521 0.000010
0.000010 0.000010 0.007429 0.000010 0.992202 0.000338
0.000010 0.000010 0.000010 0.007548 0.992412 0.000010
0.001642 0.000863 0.000010 0.005596 0.983254 0.008635
0.000010 0.000010 0.004244 0.001844 0.993882 0.000010
0.007496 0.000010 0.000755 0.000010 0.991719 0.000010
0.000010 0.000010 0.000010 0.001390 0.992304 0.006277
0.000013 0.000010 0.001902 0.002396 0.995670 0.000010
0.000010 0.000010 0.002711 0.004995 0.992263 0.000010
0.002484 0.000010 0.004810 0.005258 0.987428 0.000010
0.000019 0.000010 0.001306 0.000011 0.998644 0.000010
0.002211 0.000010 0.011810 0.000017 0.985942 0.000010
0.000010 0.000010 0.005700 0.001318 0.989510 0.003452
0.005304 0.000010 0.002710 0.001219 0.990747 0.000010
0.000010 0.000010 0.006684 0.000010 0.993276 0.000010
0.000010 0.000010 0.000010 0.000010 0.999950 0.000010
0.000012 0.000010 0.001874 0.001185 0.996908 0.000010
0.000017 0.000010 0.001225 0.003303 0.995436 0.000010
0.002407 0.000224 0.000495 0.006902 0.989962 0.000010
0.000010 0.000010 0.005198 0.000010 0.994762 0.000010
0.000010 0.003226 0.000010 0.004245 0.991875 0.000634
0.000338 0.000010 0.004535 0.003934 0.991173 0.000010
0.003779 0.004046 0.000010 0.007149 0.985007 0.000010
0.002947 0.001183 0.000010 0.002541 0.993310 0.000010
0.000010 0.000010 0.001580 0.006670 0.989345 0.002385
0.150931 0.007021 0.000010 0.004676 0.820934 0.016428
0.000010 0.000010 0.007431 0.003041 0.989498 0.000010
0.002899 0.000010 0.000010 0.002508 0.994563 0.000010
0.000010 0.000010 0.000010 0.000010 0.999950 0.000010
0.005921 0.000010 0.000010 0.002656 0.991393 0.000010
0.000010 0.003239 0.000299 0.000010 0.996271 0.000172
0.005835 0.000010 0.000010 0.006916 0.986261 0.000969
0.005605 0.000010 0.002952 0.004291 0.983073 0.004069
0.000010 0.000010 0.001935 0.006069 0.991966 0.000010
0.000010 0.000010 0.001938 0.000010 0.992156 0.005876
0.000010 0.000010 0.005100 0.002913 0.991956 0.000010
0.008065 0.000010 0.000010 0.002872 0.989032 0.000010
0.007234 0.000615 0.000010 0.000010 0.992121 0.000010
0.000015 0.000010 0.000010 0.003513 0.993698 0.002754
0.000010 0.000010 0.003954 0.001271 0.993585 0.001170
0.000010 0.000010 0.003495 0.000013 0.996462 0.000010
0.004704 0.000010 0.000742 0.000010 0.994524 0.000010
0.000010 0.001281 0.005084 0.000010 0.993514 0.000101
0.000010 0.000010 0.000010 0.004035 0.990097 0.005838
0.001105 0.000010 0.000010 0.000190 0.995033 0.003652
0.004600 0.000010 0.000010 0.003680 0.990698 0.001002
0.000010 0.000010 0.000010 0.000010 0.995829 0.004131
0.000010 0.000010 0.004441 0.002127 0.990760 0.002653
0.003624 0.000749 0.000010 0.000623 0.991184 0.003810
0.007838 0.002702 0.000010 0.003785 0.982384 0.003281
0.000013 0.000010 0.000010 0.005365 0.992258 0.002344
0.000010 0.000517 0.000960 0.000623 0.990553 0.007336
0.001005 0.000010 0.000010 0.000010 0.998955 0.000010
0.007498 0.000010 0.000010 0.004717 0.982333 0.005432
0.002937 0.000459 0.000010 0.006430 0.990153 0.000010
0.005291 0.000010 0.000010 0.000010 0.989125 0.005554
0.000010 0.000010 0.000010 0.005091 0.991327 0.003552
0.003425 0.003554 0.000010 0.002050 0.988483 0.002478
0.001637 0.000010 0.000010 0.000010 0.993565 0.004767
0.000010 0.000010 0.000010 0.000010 0.998402 0.001558
0.000010 0.000010 0.015527 0.000020 0.984423 0.000010
0.000541 0.000010 0.007815 0.000010 0.988094 0.003531
0.000010 0.000010 0.000500 0.000010 0.997985 0.001485
0.008810 0.001343 0.000010 0.007712 0.981017 0.001109
0.003326 0.000010 0.000298 0.000010 0.996346 0.000010
0.002371 0.001359 0.002086 0.000010 0.994038 0.000136
0.004619 0.000277 0.000010 0.001449 0.987651 0.005994
0.002375 0.000010 0.008586 0.000010 0.989009 0.000010
0.006469 0.000676 0.001282 0.000010 0.991553 0.000010
0.000010 0.000010 0.006562 0.004894 0.988514 0.000010
0.000010 0.000010 0.000010 0.006055 0.993905 0.000010
0.006343 0.000010 0.000010 0.000010 0.993617 0.000010
0.001883 0.000010 0.000010 0.002424 0.992086 0.003587
0.001552 0.000010 0.000010 0.004559 0.992013 0.001855
0.002109 0.000010 0.000010 0.004513 0.990501 0.002857
0.000010 0.000010 0.005881 0.000010 0.994078 0.000010
0.008618 0.000010 0.000010 0.010460 0.977062 0.003840
0.009043 0.000010 0.000010 0.006096 0.980440 0.004401
0.002696 0.000018 0.001555 0.000010 0.995711 0.000010
0.000010 0.000010 0.001372 0.000010 0.998588 0.000010
0.007488 0.000236 0.000010 0.000770 0.991486 0.000010
0.000766 0.000010 0.002320 0.000010 0.996884 0.000010
0.003445 0.000010 0.000010 0.000010 0.995102 0.001423
0.000010 0.000010 0.000010 0.000010 0.999950 0.000010
0.000011 0.000010 0.001136 0.002053 0.996780 0.000010
